hour,id,score,comments,best_rank
0,44812613,119,54,
0,44813175,87,13,
0,44819037,289,177,
0,44819917,986,789,
0,44819968,247,174,
0,44821434,286,93,
0,44821848,82,13,
0,44822637,216,205,
0,44822730,154,68,
0,44823272,98,62,
0,44823850,136,105,
0,44824088,96,14,
0,44824321,97,65,
0,44824811,50,4,
0,44825347,238,19,
0,44833607,112,20,
0,44833869,118,33,
0,44834570,49,36,
0,44834918,218,36,
0,44835879,1124,218,
0,44836294,331,81,
0,44836879,484,200,
0,44837124,78,32,
0,44837434,251,42,
0,44837949,136,164,
0,44838378,404,191,
0,44839496,98,50,
0,44839575,154,38,
0,44840013,1123,285,
0,44840573,151,209,
0,44840582,584,114,
0,44840654,146,36,
0,44841262,494,445,
0,44841741,228,150,
0,44841891,100,233,
0,44842114,177,105,
0,44842442,86,46,
0,44843223,188,199,
0,44843586,206,111,
0,44843605,226,140,
0,44844394,183,43,
0,44844647,241,76,
0,44844733,58,34,
0,44844903,85,9,
0,44845251,191,238,
0,44845272,197,73,
0,44845787,272,125,
0,44846140,66,95,
0,44846281,779,160,
0,44846318,607,133,
0,44846781,226,54,
0,44846871,409,227,
0,44846922,429,115,
0,44847001,162,31,
0,44847334,109,21,
0,44847741,221,230,
0,44847903,71,40,
0,44848293,314,107,
0,44848782,959,409,
0,44848821,27,2,
0,44849129,266,70,
0,44849291,26,9,
0,44849834,66,91,
0,44850260,239,57,
0,44850681,355,113,
0,44850873,30,0,
0,44850913,692,240,
0,44850976,42,61,
0,44851019,168,222,
0,44851181,232,153,
0,44852058,33,12,
0,44852582,143,32,
0,44853064,346,81,
0,44853184,108,47,
0,44854171,157,104,
0,44854498,59,6,
0,44854518,368,233,
0,44854525,224,49,
0,44854686,123,52,
0,44855079,658,333,
0,44855157,464,127,
0,44855690,486,97,
0,44856046,116,53,
0,44856426,1455,493,
0,44856935,260,94,
0,44857100,95,28,
0,44857267,34,6,
0,44857643,107,107,
0,44858371,93,14,
0,44859049,279,107,
0,44859761,80,26,
0,44859849,22,4,
0,44860015,219,145,
0,44860080,139,39,
0,44860139,430,261,
0,44860732,96,21,
0,44860746,72,68,
0,44860847,145,80,
0,44860908,113,61,
0,44861106,513,270,
0,44861460,73,72,
0,44861521,227,237,
0,44861536,54,16,
0,44862414,195,55,
0,44862583,95,15,
0,44862861,84,21,
0,44863242,445,125,
0,44863409,239,69,
0,44863754,36,26,
0,44864134,1367,784,
0,44864141,30,7,
0,44864185,836,503,
0,44864192,445,746,
0,44864212,83,10,
0,44864467,96,39,
0,44864680,163,129,
0,44865290,70,46,
0,44865400,25,5,
0,44865560,1448,1115,
0,44865813,178,121,
0,44865834,121,24,
0,44865908,87,21,
0,44865997,113,41,
0,44866208,1096,850,
0,44866500,195,98,
0,44866621,115,400,
0,44867238,172,89,
0,44867374,251,42,
0,44867842,14,1,
0,44868563,41,34,
0,44869188,65,53,
0,44869448,7,0,
0,44869601,24,1,
0,44870137,213,63,
0,44870277,224,265,
0,44870445,156,105,
0,44870664,44,9,
0,44870895,197,93,
0,44870905,57,18,
0,44871093,33,1,
0,44871337,415,83,
0,44871901,137,52,
0,44872114,64,9,
0,44872313,477,322,
0,44872522,22,1,
0,44872578,46,3,
0,44872584,162,84,
0,44872948,107,36,
0,44872984,93,12,
0,44873103,21,20,
0,44873225,82,81,
0,44873341,116,42,
0,44873635,129,62,
0,44874736,139,54,
0,44874838,11,2,
0,44875109,503,273,
0,44875137,149,218,
0,44875154,25,5,
0,44875270,308,228,
0,44875388,11,10,
0,44875440,64,33,
0,44875522,18,2,
0,44875837,24,5,
0,44875847,24,1,
0,44875848,556,191,
0,44875961,374,152,
0,44875992,355,375,
0,44876075,66,143,
0,44876115,6,7,
0,44876174,43,11,
0,44876346,172,44,
0,44876356,204,61,
0,44876844,91,25,
0,44877021,168,105,
0,44877076,534,899,
0,44877201,136,64,
0,44877404,117,69,
0,44877567,6,0,
0,44878147,1310,690,
0,44878151,659,115,
0,44878257,72,24,
0,44878650,307,163,
0,44878887,16,3,
0,44878916,209,59,
0,44879746,176,271,
0,44880081,65,45,
0,44880139,203,94,
0,44880401,309,93,
0,44880777,83,90,
0,44881109,77,18,
0,44881287,145,85,
0,44881638,22,7,
0,44881977,260,119,
0,44882438,129,46,
0,44882441,145,42,
0,44882754,30,4,
0,44883256,103,63,
0,44883281,14,6,
0,44883304,578,116,
0,44883634,825,241,
0,44884077,80,48,
0,44884091,91,28,
0,44884546,65,23,
0,44884709,430,291,
0,44884857,3,0,23
0,44884863,24,5,
0,44885127,17,6,6
0,44885398,760,528,
0,44885821,186,185,
0,44886202,89,16,4
0,44886647,1005,322,
0,44886913,423,597,
0,44887490,13,1,
0,44887853,285,235,
0,44887965,259,83,
0,44888167,80,14,
0,44888184,13,7,
0,44888210,93,30,
0,44888236,207,292,
0,44888445,315,72,
0,44888548,115,47,
0,44888847,76,61,
0,44889163,88,5,19
0,44889354,180,67,
0,44889359,116,39,
0,44889580,343,162,
0,44889627,641,349,
0,44889676,95,92,
0,44889715,206,200,
0,44889874,42,13,
0,44889941,787,294,
0,44890012,164,78,
0,44890481,17,1,
0,44891090,112,90,
0,44891182,114,201,
0,44891296,10,0,
0,44891302,152,30,
0,44891509,117,26,
0,44891759,380,284,
0,44892209,745,459,
0,44892254,103,85,
0,44892283,468,779,
0,44893045,24,17,
0,44893118,35,3,10
0,44893254,390,241,
0,44893522,83,41,
0,44893600,172,120,
0,44893717,77,3,
0,44894910,367,361,
0,44894983,23,2,
0,44895037,21,0,
0,44895182,31,38,
0,44895222,155,92,
0,44895270,137,77,
0,44895497,161,116,
0,44896085,254,265,
0,44896433,259,132,
0,44896489,162,43,
0,44896690,32,9,
0,44896880,13,1,
0,44897098,75,40,
0,44897255,31,6,25
0,44897271,13,6,
0,44897998,40,12,
0,44898242,141,132,
0,44898300,380,129,
0,44898560,57,20,30
0,44898934,383,218,
0,44899249,15,4,
0,44899339,224,57,
0,44899415,195,128,
0,44899460,54,10,
0,44899488,193,59,
0,44899516,51,17,14
0,44899685,319,379,
0,44899935,160,90,
0,44899999,439,338,
0,44900084,77,57,
0,44900116,819,478,
0,44900302,315,470,
0,44900340,205,177,
0,44900455,130,92,
0,44900918,7,0,
0,44901123,132,85,
0,44901330,305,134,
0,44901387,61,116,
0,44901528,71,54,
0,44901683,346,90,
0,44901853,274,75,
0,44901885,60,70,
0,44902127,411,87,
0,44902148,795,306,
0,44902227,36,14,
0,44902763,101,152,
0,44902797,1079,880,
0,44903227,13,0,
0,44903265,35,12,
0,44903331,35,7,
0,44903351,248,219,
0,44903626,31,16,
0,44903803,915,593,
0,44903995,33,4,
0,44904608,10,0,
0,44904665,61,33,
0,44904667,34,7,
0,44904869,127,64,
0,44904974,34,25,
0,44904993,177,29,
0,44905595,64,44,
0,44905631,26,4,
0,44905808,424,218,
0,44906231,56,10,
0,44906305,447,309,
0,44906529,23,4,
0,44906662,187,63,
0,44906762,29,35,
0,44906918,116,65,
0,44906985,5,0,
0,44907133,4,0,
0,44907358,58,31,
0,44907366,88,46,
0,44907460,28,0,
0,44907531,219,245,
0,44907569,109,72,
0,44907632,9,0,
0,44907660,152,150,
0,44907837,7,2,
0,44908035,9,0,
0,44908292,5,0,
0,44908409,21,8,
0,44908610,92,56,
0,44909133,157,63,
0,44909150,9,5,
0,44909416,6,0,
0,44909488,38,25,
0,44909692,9,0,
0,44909720,5,0,
0,44909911,7,1,
0,44910195,5,0,
0,44910393,157,149,
0,44910671,37,2,
0,44910719,82,24,
0,44910865,602,162,
0,44911069,192,229,
0,44911169,208,56,
0,44911275,19,1,
0,44911412,163,83,
0,44911423,699,424,
0,44911505,100,71,
0,44911538,90,80,
0,44911554,33,4,
0,44911560,182,97,
0,44911571,98,17,
0,44911582,25,0,
0,44911601,31,5,
0,44911653,10,1,
0,44911941,172,288,
0,44912646,175,166,
0,44912727,81,25,
0,44912861,339,441,
0,44913081,100,135,
0,44913340,308,182,
0,44913359,355,110,
0,44913606,23,29,
0,44913663,339,141,
0,44913682,99,33,
0,44913782,6,0,
0,44913996,4,0,
0,44914040,70,66,
0,44914061,478,193,
0,44914149,152,45,
0,44914153,112,244,
0,44914162,13,3,
0,44914176,28,11,
0,44914220,3,0,
0,44914671,37,10,
0,44914773,160,144,
0,44914980,25,24,
0,44915164,418,119,
0,44915187,209,78,
0,44915206,105,50,
0,44915220,53,11,
0,44915338,17,12,
0,44915380,6,0,
0,44915796,93,4,
0,44915824,216,159,
0,44915993,74,29,
0,44916233,56,21,
0,44916258,3,0,
0,44916308,8,7,
0,44916322,13,1,
0,44916509,34,5,
0,44916783,517,251,
0,44916813,250,412,
0,44916900,88,5,
0,44916908,14,1,
0,44917010,17,1,
0,44917308,195,288,
0,44917406,8,0,
0,44917450,102,28,
0,44917692,13,0,
0,44917805,8,1,
0,44917835,270,328,
0,44917922,75,29,
0,44918060,143,139,
0,44918163,19,3,
0,44918334,5,1,
0,44918413,15,0,
0,44918450,10,2,
0,44918708,10,17,
0,44918810,24,7,
0,44918907,17,7,
0,44919331,7,1,
0,44919432,19,15,
0,44919543,7,0,
0,44919647,167,66,
0,44919771,24,13,
0,44919891,452,236,27
0,44919990,6,4,
0,44920146,6,3,
0,44920344,10,0,
0,44920440,60,42,
0,44920810,6,2,
0,44920942,7,1,
0,44921040,4,0,
0,44921059,5,0,
0,44921137,718,317,23
0,44921142,120,90,
0,44921372,4,1,
0,44921539,7,4,
0,44921609,195,55,8
0,44921627,16,1,
0,44921780,6,0,
0,44921879,7,2,
0,44921945,141,264,
0,44921952,4,0,
0,44922020,174,67,17
0,44922210,5,0,
0,44922324,77,74,
0,44922571,303,162,18
0,44922668,6,0,
0,44922682,5,0,
0,44922814,12,1,
0,44922819,95,47,
0,44922859,8,1,
0,44922943,7,1,
0,44922968,48,66,
0,44923063,25,3,
0,44923076,8,0,
0,44923184,5,0,
0,44923226,6,0,
0,44923284,27,13,
0,44923286,8,0,
0,44923397,6,0,
0,44923404,38,23,
0,44923426,7,0,
0,44923451,6,2,
0,44923465,197,79,7
0,44923743,18,1,
0,44923962,51,14,21
0,44924036,5,1,
0,44924055,225,145,20
0,44924254,12,2,
0,44924409,62,68,
0,44924461,144,145,8
0,44924581,153,99,
0,44924594,10,3,
0,44924802,10,11,
0,44924809,8,2,
0,44924857,19,9,
0,44925066,5,1,
0,44925089,14,4,
0,44925123,64,8,12
0,44925351,17,2,
0,44925380,349,145,1
0,44925438,39,81,
0,44925466,77,64,28
0,44925476,61,72,24
0,44925526,11,0,
0,44925543,10,1,
0,44925597,60,18,13
0,44925716,42,20,
0,44925740,4,1,
0,44925822,14,10,
0,44925847,77,33,5
0,44925853,38,1,15
0,44925913,44,29,
0,44925966,84,47,
0,44925970,16,0,
0,44926143,13,5,
0,44926277,7,0,
0,44926414,79,6,1
0,44926430,7,3,
0,44926758,66,25,22
0,44926785,18,16,14
0,44926812,9,0,
0,44926965,34,11,26
0,44926982,9,6,
0,44926990,19,6,
0,44927222,17,8,
0,44927244,31,20,2
0,44927271,36,7,3
0,44927450,5,1,
0,44927934,11,0,11
1,44812613,119,54,
1,44813175,87,13,
1,44819037,289,177,
1,44819917,986,789,
1,44819968,247,174,
1,44821434,286,93,
1,44821848,82,13,
1,44822637,216,205,
1,44822730,154,68,
1,44823272,98,62,
1,44823850,136,105,
1,44824088,96,14,
1,44824321,97,65,
1,44824811,50,4,
1,44825347,238,19,
1,44833607,112,20,
1,44833869,118,33,
1,44834570,49,36,
1,44834918,218,36,
1,44835879,1124,218,
1,44836294,331,81,
1,44836879,484,200,
1,44837124,78,32,
1,44837434,251,42,
1,44837949,136,164,
1,44838378,404,191,
1,44839496,98,50,
1,44839575,154,38,
1,44840013,1123,285,
1,44840573,151,209,
1,44840582,585,114,
1,44840654,146,36,
1,44841262,494,445,
1,44841741,228,150,
1,44841891,100,233,
1,44842114,177,105,
1,44842442,86,46,
1,44843223,188,199,
1,44843586,206,111,
1,44843605,226,140,
1,44844394,183,43,
1,44844647,241,76,
1,44844733,58,34,
1,44844903,85,9,
1,44845251,191,238,
1,44845272,197,73,
1,44845787,272,125,
1,44846140,66,95,
1,44846281,779,160,
1,44846318,607,133,
1,44846781,226,54,
1,44846871,409,227,
1,44846922,429,115,
1,44847001,162,31,
1,44847334,109,21,
1,44847741,221,230,
1,44847903,71,40,
1,44848293,314,107,
1,44848782,959,409,
1,44848821,27,2,
1,44849129,266,70,
1,44849291,26,9,
1,44849834,66,91,
1,44850260,239,57,
1,44850681,355,113,
1,44850873,30,0,
1,44850913,692,240,
1,44850976,42,61,
1,44851019,168,222,
1,44851181,233,153,
1,44852058,33,12,
1,44852582,143,32,
1,44853064,346,81,
1,44853184,108,47,
1,44854171,157,104,
1,44854498,59,6,
1,44854518,368,233,
1,44854686,123,52,
1,44855079,658,334,
1,44855157,464,127,
1,44855690,486,97,
1,44856046,116,53,
1,44856426,1455,493,
1,44856935,260,94,
1,44857100,95,28,
1,44857267,34,6,
1,44857643,107,107,
1,44858371,93,14,
1,44859049,279,107,
1,44859761,80,26,
1,44859849,22,4,
1,44860015,219,145,
1,44860080,139,39,
1,44860139,430,261,
1,44860732,96,21,
1,44860746,72,68,
1,44860847,145,80,
1,44860908,113,61,
1,44861106,513,270,
1,44861460,73,72,
1,44861521,227,237,
1,44861536,54,16,
1,44862414,195,55,
1,44862583,95,15,
1,44862861,84,21,
1,44863242,445,125,
1,44863409,239,69,
1,44863754,36,26,
1,44864134,1368,784,
1,44864141,30,7,
1,44864185,836,503,
1,44864192,445,746,
1,44864212,83,10,
1,44864467,96,39,
1,44864680,163,129,
1,44865290,70,46,
1,44865400,25,5,
1,44865560,1450,1115,
1,44865813,178,121,
1,44865834,121,24,
1,44865908,87,21,
1,44865997,113,41,
1,44866208,1097,850,
1,44866500,195,98,
1,44866621,115,400,
1,44867238,172,89,
1,44867374,251,42,
1,44867842,14,1,
1,44868563,41,34,
1,44869188,65,53,
1,44869448,7,0,
1,44869601,24,1,
1,44870137,213,63,
1,44870277,224,265,
1,44870445,156,105,
1,44870664,44,9,
1,44870895,197,93,
1,44870905,57,18,
1,44871093,33,1,
1,44871337,415,83,
1,44871901,137,52,
1,44872114,64,9,
1,44872313,478,322,
1,44872522,22,1,
1,44872578,47,3,
1,44872584,162,84,
1,44872948,107,36,
1,44872984,93,12,
1,44873103,21,20,
1,44873225,82,81,
1,44873341,116,42,
1,44873635,129,62,
1,44874736,139,54,
1,44874838,11,2,
1,44875109,503,273,
1,44875137,149,218,
1,44875154,25,5,
1,44875270,308,228,
1,44875388,11,10,
1,44875440,64,33,
1,44875522,18,2,
1,44875837,24,5,
1,44875847,24,1,
1,44875848,556,191,
1,44875961,374,152,
1,44875992,355,375,
1,44876075,66,143,
1,44876115,6,7,
1,44876174,43,11,
1,44876346,172,44,
1,44876356,204,61,
1,44876844,91,25,
1,44877021,168,105,
1,44877076,534,899,
1,44877201,136,64,
1,44877404,117,69,
1,44877567,6,0,
1,44878147,1310,690,
1,44878151,661,115,
1,44878257,72,24,
1,44878650,307,163,
1,44878887,16,3,
1,44878916,209,59,
1,44879746,176,271,
1,44880081,65,45,
1,44880139,203,95,
1,44880401,309,94,
1,44880777,83,90,
1,44881109,77,18,
1,44881287,145,85,
1,44881638,23,7,
1,44881977,260,119,
1,44882438,129,46,
1,44882441,145,42,
1,44882754,30,4,
1,44883256,103,63,
1,44883281,15,6,
1,44883304,578,116,
1,44883634,825,241,
1,44884077,81,48,
1,44884091,91,28,
1,44884546,65,23,
1,44884709,431,291,
1,44884857,3,0,28
1,44884863,24,5,
1,44885127,25,14,6
1,44885398,760,528,
1,44885821,186,185,
1,44886202,96,20,5
1,44886647,1006,322,
1,44886913,423,597,
1,44886997,39,5,8
1,44887490,13,1,
1,44887853,285,235,
1,44887965,259,83,
1,44888167,80,14,
1,44888184,13,7,
1,44888210,93,30,
1,44888236,207,292,
1,44888445,315,72,
1,44888548,116,47,
1,44888847,76,61,
1,44889163,90,5,23
1,44889354,180,67,
1,44889359,116,39,
1,44889580,343,162,
1,44889627,641,349,
1,44889715,206,200,
1,44889874,42,13,
1,44889941,788,294,
1,44890012,164,78,
1,44891090,112,90,
1,44891182,114,201,
1,44891296,10,0,
1,44891302,152,30,
1,44891509,117,26,
1,44891759,380,284,
1,44892209,745,459,
1,44892254,103,85,
1,44892283,468,785,
1,44893045,24,17,
1,44893118,40,3,13
1,44893254,390,241,
1,44893522,83,41,
1,44893600,172,120,
1,44893717,77,3,
1,44894910,368,361,
1,44894983,23,2,
1,44895037,21,0,
1,44895182,31,38,
1,44895222,155,92,
1,44895270,137,77,
1,44895497,161,116,
1,44896085,254,265,
1,44896433,259,132,
1,44896489,162,43,
1,44896690,32,9,
1,44896880,13,1,
1,44897098,75,40,
1,44897255,33,10,
1,44897271,13,6,
1,44897998,40,12,
1,44898242,141,132,
1,44898300,380,129,
1,44898560,58,20,
1,44898934,383,218,
1,44899249,15,4,
1,44899339,224,57,
1,44899415,195,128,
1,44899460,54,10,
1,44899488,193,59,
1,44899516,56,17,18
1,44899685,319,380,
1,44899935,160,90,
1,44899999,439,338,
1,44900084,77,57,
1,44900116,819,478,
1,44900302,315,471,
1,44900340,206,177,
1,44900455,130,92,
1,44900918,7,0,
1,44901123,133,85,
1,44901330,306,134,
1,44901387,61,116,
1,44901528,71,54,
1,44901683,347,90,
1,44901853,274,75,
1,44901885,60,70,
1,44902127,411,87,
1,44902148,796,307,
1,44902227,36,14,
1,44902763,101,152,
1,44902797,1080,881,
1,44903227,13,0,
1,44903265,35,12,
1,44903331,35,7,
1,44903351,248,219,
1,44903448,5,5,
1,44903626,31,16,
1,44903803,916,594,
1,44903995,33,4,
1,44904608,10,0,
1,44904665,61,33,
1,44904667,34,7,
1,44904869,127,64,
1,44904974,34,25,
1,44904993,177,29,
1,44905595,64,44,
1,44905631,26,4,
1,44905808,424,218,
1,44906231,56,10,
1,44906305,447,309,
1,44906529,23,4,
1,44906662,187,63,
1,44906762,29,35,
1,44906918,116,67,
1,44907133,4,0,
1,44907358,59,31,
1,44907366,88,46,
1,44907460,28,0,
1,44907531,220,248,
1,44907569,109,72,
1,44907632,9,0,
1,44907660,153,150,
1,44907837,7,2,
1,44908035,9,0,
1,44908292,5,0,
1,44908409,21,8,
1,44908610,92,56,
1,44909133,157,63,
1,44909150,9,5,
1,44909416,6,0,
1,44909488,38,25,
1,44909692,9,0,
1,44909720,5,0,
1,44909911,7,1,
1,44910195,5,0,
1,44910393,157,149,
1,44910671,37,2,
1,44910719,82,24,
1,44910865,603,162,
1,44911069,192,229,
1,44911169,209,56,
1,44911275,19,1,
1,44911412,164,83,
1,44911423,699,426,
1,44911505,100,71,
1,44911538,90,80,
1,44911554,33,4,
1,44911560,182,97,
1,44911571,99,17,
1,44911582,26,0,
1,44911601,31,5,
1,44911653,10,1,
1,44911941,172,289,
1,44912646,175,166,
1,44912727,81,25,
1,44912861,340,442,
1,44913081,101,135,
1,44913340,309,182,
1,44913359,356,109,
1,44913606,23,29,
1,44913663,340,141,
1,44913682,99,33,
1,44913782,6,0,
1,44913996,4,0,
1,44914040,70,66,
1,44914061,478,193,
1,44914149,152,45,
1,44914153,112,244,
1,44914162,13,3,
1,44914176,28,11,
1,44914220,3,0,
1,44914671,37,10,
1,44914773,160,144,
1,44914980,25,24,
1,44915164,418,119,
1,44915187,209,78,
1,44915206,105,50,
1,44915220,53,11,
1,44915338,17,12,
1,44915380,6,0,
1,44915796,93,4,
1,44915824,216,159,
1,44915993,74,29,
1,44916233,56,21,
1,44916258,3,0,
1,44916322,13,1,
1,44916509,34,5,
1,44916783,517,252,
1,44916813,250,413,
1,44916900,88,5,
1,44916908,15,1,
1,44917010,17,1,
1,44917308,196,289,
1,44917406,8,0,
1,44917450,102,28,
1,44917692,13,0,
1,44917805,8,1,
1,44917835,270,330,
1,44917922,75,29,
1,44918060,145,141,
1,44918163,19,3,
1,44918334,5,1,
1,44918413,15,0,
1,44918450,10,2,
1,44918708,10,17,
1,44918810,24,7,
1,44918907,17,7,
1,44919331,7,1,
1,44919432,19,15,
1,44919543,7,0,
1,44919647,167,66,
1,44919771,24,13,
1,44919891,458,238,30
1,44919990,6,4,
1,44920146,6,3,
1,44920344,10,0,
1,44920440,60,42,
1,44920810,7,2,
1,44920942,7,1,
1,44921040,4,0,
1,44921059,5,0,
1,44921137,729,321,25
1,44921142,121,92,
1,44921372,5,1,
1,44921539,7,4,
1,44921609,202,54,11
1,44921627,16,1,
1,44921780,7,0,
1,44921879,9,2,
1,44921945,142,267,
1,44921952,5,0,
1,44922020,177,69,20
1,44922210,5,0,
1,44922324,77,75,
1,44922571,321,161,21
1,44922668,6,0,
1,44922682,5,0,
1,44922814,12,1,
1,44922819,97,48,
1,44922859,8,1,
1,44922943,7,1,
1,44922968,48,66,
1,44923063,25,3,
1,44923076,8,0,
1,44923184,5,0,
1,44923226,6,0,
1,44923284,28,13,
1,44923286,8,0,
1,44923397,6,0,
1,44923404,39,24,
1,44923426,7,0,
1,44923451,7,2,
1,44923465,207,80,9
1,44923743,18,1,
1,44923962,60,18,22
1,44924036,7,1,
1,44924055,230,146,24
1,44924254,13,2,
1,44924409,62,69,
1,44924461,167,160,10
1,44924581,158,100,
1,44924594,10,3,
1,44924802,10,12,
1,44924809,8,2,
1,44924857,20,10,
1,44925066,5,1,
1,44925089,14,5,
1,44925123,67,8,15
1,44925351,18,2,
1,44925380,368,151,14
1,44925438,44,88,
1,44925466,77,68,
1,44925476,65,74,27
1,44925526,11,0,
1,44925543,10,1,
1,44925597,61,18,19
1,44925716,42,20,
1,44925740,4,1,
1,44925822,14,10,
1,44925847,79,36,12
1,44925853,39,2,16
1,44925913,44,32,
1,44925966,87,48,
1,44925970,16,0,
1,44926143,15,6,
1,44926277,9,2,
1,44926414,83,7,3
1,44926430,9,4,
1,44926758,76,28,26
1,44926785,22,21,17
1,44926812,10,0,
1,44926965,43,16,7
1,44926982,9,7,
1,44926990,21,6,
1,44927182,7,1,
1,44927222,19,10,
1,44927244,54,29,1
1,44927271,54,12,2
1,44927450,8,2,
1,44927596,7,0,
1,44927934,53,11,4
2,44812613,119,54,
2,44813175,87,13,
2,44819037,289,177,
2,44819917,986,789,
2,44819968,247,174,
2,44821434,286,93,
2,44821848,82,13,
2,44822637,216,205,
2,44822730,154,68,
2,44823272,98,62,
2,44823850,136,105,
2,44824088,96,14,
2,44824321,97,65,
2,44824811,50,4,
2,44825347,238,19,
2,44833607,112,20,
2,44833869,118,33,
2,44834570,49,36,
2,44834918,218,36,
2,44835879,1124,218,
2,44836294,331,81,
2,44836879,484,200,
2,44837124,78,32,
2,44837434,251,42,
2,44837949,136,164,
2,44838378,404,191,
2,44839496,98,50,
2,44839575,154,38,
2,44840013,1123,285,
2,44840573,151,209,
2,44840582,585,114,
2,44840654,146,36,
2,44841262,494,445,
2,44841741,228,150,
2,44841891,100,233,
2,44842114,177,105,
2,44842442,86,46,
2,44843223,189,199,
2,44843586,206,111,
2,44843605,226,140,
2,44844394,183,43,
2,44844647,241,76,
2,44844733,58,34,
2,44844903,85,9,
2,44845251,191,238,
2,44845272,197,73,
2,44845787,272,125,
2,44846140,66,95,
2,44846281,779,160,
2,44846318,607,133,
2,44846781,226,54,
2,44846871,409,227,
2,44846922,429,115,
2,44847001,162,31,
2,44847334,109,21,
2,44847741,221,230,
2,44847903,71,40,
2,44848293,314,107,
2,44848782,959,409,
2,44848821,27,2,
2,44849129,266,70,
2,44849291,26,9,
2,44849834,66,91,
2,44850260,239,57,
2,44850681,355,113,
2,44850873,30,0,
2,44850913,692,240,
2,44850976,42,61,
2,44851019,168,222,
2,44851181,233,153,
2,44852058,33,12,
2,44852582,143,32,
2,44853064,346,81,
2,44853184,108,47,
2,44854171,157,104,
2,44854498,59,6,
2,44854518,368,233,
2,44854686,123,52,
2,44855079,658,334,
2,44855157,464,127,
2,44855690,486,97,
2,44856046,116,53,
2,44856426,1455,493,
2,44856935,260,94,
2,44857100,95,28,
2,44857267,34,6,
2,44857643,107,107,
2,44858371,93,14,
2,44859049,279,107,
2,44859761,80,26,
2,44859849,22,4,
2,44860015,220,145,
2,44860080,139,39,
2,44860139,430,261,
2,44860732,96,21,
2,44860746,72,68,
2,44860847,145,80,
2,44860908,113,61,
2,44861106,513,270,
2,44861460,73,72,
2,44861521,228,237,
2,44861536,54,16,
2,44862414,195,55,
2,44862583,95,15,
2,44862861,84,21,
2,44863242,445,125,
2,44863409,239,69,
2,44863754,37,26,
2,44864134,1368,784,
2,44864141,30,7,
2,44864185,836,503,
2,44864192,445,746,
2,44864212,83,10,
2,44864467,96,39,
2,44864680,163,129,
2,44865290,70,46,
2,44865400,25,5,
2,44865560,1450,1115,
2,44865813,178,121,
2,44865834,121,24,
2,44865908,87,21,
2,44865997,113,41,
2,44866208,1097,850,
2,44866500,195,98,
2,44866621,115,400,
2,44867238,172,89,
2,44867374,251,42,
2,44867842,14,1,
2,44868563,41,34,
2,44869188,65,53,
2,44869448,7,0,
2,44869601,24,1,
2,44870137,213,63,
2,44870277,224,265,
2,44870445,157,105,
2,44870664,44,9,
2,44870895,197,93,
2,44870905,57,18,
2,44871093,33,1,
2,44871337,415,83,
2,44871901,137,52,
2,44872114,64,9,
2,44872313,478,322,
2,44872522,22,1,
2,44872578,47,3,
2,44872584,162,84,
2,44872948,107,36,
2,44872984,93,12,
2,44873103,21,20,
2,44873225,82,81,
2,44873341,116,42,
2,44873635,129,62,
2,44874736,139,54,
2,44874838,11,2,
2,44875109,503,273,
2,44875137,149,218,
2,44875154,25,5,
2,44875270,308,228,
2,44875388,11,10,
2,44875440,64,33,
2,44875522,18,2,
2,44875837,24,5,
2,44875847,24,1,
2,44875848,557,191,
2,44875961,374,152,
2,44875992,355,375,
2,44876075,66,143,
2,44876115,6,7,
2,44876174,43,11,
2,44876346,173,44,
2,44876356,204,61,
2,44876844,91,25,
2,44877021,168,105,
2,44877076,535,899,
2,44877201,136,64,
2,44877404,117,69,
2,44877567,6,0,
2,44878147,1310,690,
2,44878151,662,115,
2,44878257,72,24,
2,44878650,307,163,
2,44878887,16,3,
2,44878916,209,59,
2,44879746,176,271,
2,44880081,65,45,
2,44880139,204,95,
2,44880401,310,94,
2,44880777,83,90,
2,44881109,77,18,
2,44881287,145,85,
2,44881638,24,7,
2,44881977,260,119,
2,44882438,129,46,
2,44882441,145,42,
2,44882754,30,4,
2,44883256,103,63,
2,44883281,15,6,
2,44883304,579,116,
2,44883634,825,241,
2,44884077,84,48,
2,44884091,91,28,
2,44884546,65,23,
2,44884709,431,291,
2,44884857,3,0,
2,44884863,24,5,
2,44885127,27,15,11
2,44885398,761,529,
2,44885821,186,185,
2,44886202,106,22,6
2,44886647,1006,322,
2,44886913,423,597,
2,44886997,90,33,1
2,44887490,13,1,
2,44887853,285,235,
2,44887965,259,83,
2,44888167,80,14,
2,44888184,13,7,
2,44888210,94,30,
2,44888236,207,292,
2,44888445,315,72,
2,44888548,116,47,
2,44888847,76,61,
2,44889163,91,5,25
2,44889354,180,67,
2,44889359,116,39,
2,44889580,343,162,
2,44889627,642,349,
2,44889673,9,2,12
2,44889715,206,200,
2,44889874,42,13,
2,44889941,788,294,
2,44890012,164,78,
2,44891090,112,92,
2,44891182,114,201,
2,44891296,10,0,
2,44891302,152,30,
2,44891509,117,26,
2,44891759,380,284,
2,44892209,745,460,
2,44892254,103,85,
2,44892283,468,791,
2,44893045,24,17,
2,44893118,49,4,14
2,44893254,391,241,
2,44893522,83,41,
2,44893600,172,120,
2,44893717,77,3,
2,44894910,368,361,
2,44894983,23,2,
2,44895037,21,0,
2,44895182,31,38,
2,44895222,155,92,
2,44895270,137,77,
2,44895497,161,116,
2,44896085,254,265,
2,44896433,259,132,
2,44896489,162,43,
2,44896690,32,9,
2,44896880,13,1,
2,44897098,75,40,
2,44897255,33,10,
2,44897271,13,6,
2,44897998,40,12,
2,44898242,141,132,
2,44898300,380,129,
2,44898560,60,20,
2,44898934,383,218,
2,44899249,15,4,
2,44899339,224,57,
2,44899415,195,128,
2,44899460,54,10,
2,44899488,193,59,
2,44899516,58,17,18
2,44899685,319,380,
2,44899935,160,90,
2,44899999,439,338,
2,44900084,77,57,
2,44900116,820,478,
2,44900302,315,471,
2,44900340,206,177,
2,44900455,130,92,
2,44900918,8,0,
2,44901123,133,85,
2,44901330,306,134,
2,44901387,61,116,
2,44901528,71,55,
2,44901683,347,90,
2,44901853,274,75,
2,44901885,60,70,
2,44902127,411,87,
2,44902148,796,307,
2,44902227,36,14,
2,44902763,101,152,
2,44902797,1081,885,
2,44903227,13,0,
2,44903265,35,12,
2,44903331,35,7,
2,44903351,248,219,
2,44903448,5,5,
2,44903626,31,16,
2,44903803,916,594,
2,44903995,33,4,
2,44904608,10,0,
2,44904665,61,33,
2,44904667,34,7,
2,44904869,127,64,
2,44904974,34,25,
2,44904993,177,29,
2,44905595,64,44,
2,44905631,26,4,
2,44905808,424,218,
2,44906231,56,10,
2,44906305,447,309,
2,44906529,23,4,
2,44906662,187,63,
2,44906762,29,35,
2,44906918,117,67,
2,44907133,4,0,
2,44907358,59,31,
2,44907366,88,46,
2,44907460,28,0,
2,44907531,220,250,
2,44907569,109,72,
2,44907632,9,0,
2,44907660,153,150,
2,44907837,7,2,
2,44908035,9,0,
2,44908292,5,0,
2,44908409,21,8,
2,44908610,92,56,
2,44909133,157,63,
2,44909150,9,5,
2,44909416,6,0,
2,44909488,38,25,
2,44909692,9,0,
2,44909720,5,0,
2,44909911,7,1,
2,44910195,5,0,
2,44910393,157,149,
2,44910671,37,2,
2,44910719,82,24,
2,44910865,603,162,
2,44911069,192,229,
2,44911169,209,56,
2,44911275,19,1,
2,44911412,164,83,
2,44911423,699,426,
2,44911505,100,71,
2,44911538,90,80,
2,44911554,33,4,
2,44911560,182,97,
2,44911571,100,17,
2,44911582,26,0,
2,44911601,31,5,
2,44911653,10,1,
2,44911941,172,289,
2,44912646,175,166,
2,44912727,82,25,
2,44912861,341,443,
2,44913081,101,135,
2,44913340,309,182,
2,44913359,356,109,
2,44913606,23,29,
2,44913663,341,142,
2,44913682,99,33,
2,44913782,6,0,
2,44913996,4,0,
2,44914040,70,66,
2,44914061,479,194,
2,44914149,154,45,
2,44914153,112,244,
2,44914176,28,11,
2,44914220,3,0,
2,44914671,37,10,
2,44914773,160,144,
2,44914980,25,24,
2,44915164,419,118,
2,44915187,209,78,
2,44915206,106,50,
2,44915220,53,11,
2,44915338,17,12,
2,44915380,6,0,
2,44915796,93,4,
2,44915824,216,160,
2,44915993,74,29,
2,44916233,56,21,
2,44916258,3,0,
2,44916322,13,1,
2,44916509,34,5,
2,44916783,520,253,
2,44916813,250,415,
2,44916900,88,5,
2,44916908,15,1,
2,44917010,17,1,
2,44917308,196,289,
2,44917406,8,0,
2,44917450,102,29,
2,44917692,13,0,
2,44917805,8,1,
2,44917835,271,331,
2,44917922,75,29,
2,44918060,146,141,
2,44918163,19,3,
2,44918334,5,1,
2,44918413,15,0,
2,44918450,10,2,
2,44918708,11,17,
2,44918810,24,7,
2,44918907,17,7,
2,44919331,7,1,
2,44919432,20,15,
2,44919543,7,0,
2,44919647,167,66,
2,44919771,24,13,
2,44919891,463,239,30
2,44919990,6,4,
2,44920344,11,0,
2,44920440,60,42,
2,44920810,7,2,
2,44920942,7,1,
2,44921040,5,0,
2,44921059,5,0,
2,44921137,737,323,27
2,44921142,121,92,
2,44921372,5,1,
2,44921539,7,4,
2,44921609,210,56,10
2,44921627,17,1,
2,44921780,7,0,
2,44921879,10,2,
2,44921945,145,274,
2,44921952,5,0,
2,44922020,181,77,23
2,44922210,5,0,
2,44922324,79,75,
2,44922571,329,164,24
2,44922668,6,0,
2,44922682,5,0,
2,44922814,12,1,
2,44922819,100,50,
2,44922859,8,1,
2,44922943,7,1,
2,44922968,48,66,
2,44923063,25,3,
2,44923076,8,0,
2,44923226,6,0,
2,44923284,28,13,
2,44923286,8,0,
2,44923397,6,0,
2,44923404,39,24,
2,44923426,8,0,
2,44923451,8,2,
2,44923465,217,80,9
2,44923743,19,1,
2,44923962,66,18,21
2,44924036,8,2,
2,44924055,234,148,26
2,44924254,13,2,
2,44924409,65,71,
2,44924461,190,172,8
2,44924581,159,100,
2,44924594,10,3,
2,44924802,10,13,
2,44924809,8,2,
2,44925066,5,1,
2,44925089,14,5,
2,44925123,69,8,17
2,44925351,18,2,
2,44925380,380,151,16
2,44925438,45,91,
2,44925466,79,69,
2,44925476,68,77,29
2,44925526,11,0,
2,44925543,10,1,
2,44925597,62,19,22
2,44925716,42,20,
2,44925740,4,1,
2,44925822,14,10,
2,44925847,80,39,15
2,44925853,43,3,19
2,44925913,44,34,
2,44925966,87,50,
2,44925970,16,0,
2,44926143,15,6,
2,44926277,12,2,
2,44926414,92,8,4
2,44926430,10,4,
2,44926758,93,31,28
2,44926785,28,29,13
2,44926812,11,0,
2,44926965,49,18,7
2,44926982,12,7,
2,44926990,21,6,
2,44927182,21,1,20
2,44927222,19,10,
2,44927244,66,38,2
2,44927271,64,17,3
2,44927311,21,1,
2,44927432,8,5,
2,44927450,8,2,
2,44927596,28,3,
2,44927934,83,31,5
2,44927944,4,0,
2,44927953,4,0,
2,44928088,5,1,
3,44812613,119,54,
3,44813175,87,13,
3,44819037,289,177,
3,44819917,987,789,
3,44819968,247,174,
3,44821434,286,93,
3,44821848,82,13,
3,44822637,216,205,
3,44822730,154,68,
3,44823272,98,62,
3,44823850,136,105,
3,44824088,96,14,
3,44824321,97,65,
3,44824811,50,4,
3,44833607,112,20,
3,44833869,118,33,
3,44834570,49,36,
3,44834918,218,36,
3,44835879,1124,218,
3,44836294,331,81,
3,44836879,484,200,
3,44837124,78,32,
3,44837434,251,42,
3,44837949,136,164,
3,44838378,404,191,
3,44839496,98,50,
3,44839575,154,38,
3,44840013,1123,285,
3,44840573,151,209,
3,44840582,585,114,
3,44840654,146,36,
3,44841262,494,445,
3,44841741,228,150,
3,44841891,100,233,
3,44842114,177,105,
3,44842442,86,46,
3,44843223,189,199,
3,44843586,206,111,
3,44843605,226,140,
3,44844394,183,43,
3,44844647,241,76,
3,44844733,58,34,
3,44844903,85,9,
3,44845251,191,238,
3,44845272,197,73,
3,44845787,272,125,
3,44846140,66,95,
3,44846281,779,160,
3,44846318,607,133,
3,44846781,226,54,
3,44846871,409,227,
3,44846922,429,115,
3,44847001,162,31,
3,44847334,109,21,
3,44847741,221,230,
3,44847903,71,40,
3,44848293,314,107,
3,44848782,960,409,
3,44848821,27,2,
3,44849129,266,70,
3,44849291,26,9,
3,44849834,66,91,
3,44850260,239,57,
3,44850681,355,113,
3,44850873,30,0,
3,44850913,692,240,
3,44850976,42,61,
3,44851019,168,222,
3,44851181,233,153,
3,44852058,33,12,
3,44852582,143,32,
3,44853064,346,81,
3,44853184,108,47,
3,44854171,157,104,
3,44854498,59,6,
3,44854518,368,233,
3,44854686,123,52,
3,44855079,658,334,
3,44855157,464,127,
3,44855690,486,97,
3,44856046,116,53,
3,44856426,1457,493,
3,44857100,95,28,
3,44857267,34,6,
3,44857643,107,107,
3,44858371,93,14,
3,44859049,279,107,
3,44859761,80,26,
3,44859849,22,4,
3,44860015,220,145,
3,44860080,139,39,
3,44860139,430,261,
3,44860732,96,21,
3,44860746,72,68,
3,44860847,145,80,
3,44860908,113,61,
3,44861106,513,270,
3,44861460,73,72,
3,44861521,228,237,
3,44861536,54,16,
3,44862414,195,55,
3,44862583,95,15,
3,44862861,84,21,
3,44863242,445,125,
3,44863409,239,69,
3,44863754,37,26,
3,44864134,1369,784,
3,44864141,30,7,
3,44864185,836,503,
3,44864192,446,746,
3,44864212,83,10,
3,44864467,96,39,
3,44864680,163,129,
3,44865290,70,46,
3,44865400,25,5,
3,44865560,1451,1115,
3,44865813,178,121,
3,44865834,121,24,
3,44865908,87,21,
3,44865997,113,41,
3,44866208,1097,850,
3,44866500,195,98,
3,44866621,115,400,
3,44867238,172,89,
3,44867374,251,42,
3,44867842,14,1,
3,44868563,41,34,
3,44869188,65,53,
3,44869448,7,0,
3,44869601,24,1,
3,44870137,213,63,
3,44870277,224,265,
3,44870445,157,105,
3,44870664,44,9,
3,44870895,197,93,
3,44870905,57,18,
3,44871093,33,1,
3,44871337,415,83,
3,44871901,137,52,
3,44872114,64,9,
3,44872313,478,322,
3,44872522,22,1,
3,44872578,47,3,
3,44872584,162,84,
3,44872948,107,36,
3,44872984,93,12,
3,44873103,21,20,
3,44873225,82,81,
3,44873341,116,42,
3,44873635,129,62,
3,44874736,139,54,
3,44874838,11,2,
3,44875109,503,273,
3,44875137,150,218,
3,44875154,25,5,
3,44875270,308,228,
3,44875388,11,10,
3,44875440,64,33,
3,44875522,18,2,
3,44875837,24,5,
3,44875847,24,1,
3,44875848,557,191,
3,44875961,374,152,
3,44875992,355,375,
3,44876075,66,143,
3,44876115,6,7,
3,44876174,43,11,
3,44876346,173,44,
3,44876356,204,61,
3,44876844,91,25,
3,44877021,168,105,
3,44877076,535,899,
3,44877201,136,64,
3,44877404,117,69,
3,44877567,6,0,
3,44878147,1310,690,
3,44878151,662,115,
3,44878257,72,24,
3,44878650,307,163,
3,44878887,16,3,
3,44878916,209,59,
3,44879746,176,271,
3,44880081,65,45,
3,44880139,204,95,
3,44880401,310,94,
3,44880777,83,90,
3,44881109,77,18,
3,44881287,145,85,
3,44881638,24,7,
3,44881977,260,119,
3,44882438,129,46,
3,44882441,145,42,
3,44882754,30,4,
3,44883256,103,63,
3,44883281,15,6,
3,44883304,579,116,
3,44883634,826,241,
3,44884077,85,49,
3,44884091,91,28,
3,44884546,65,23,
3,44884709,431,291,
3,44884857,6,0,
3,44884863,24,5,
3,44885127,30,18,13
3,44885398,762,529,
3,44885821,186,185,
3,44886202,111,24,6
3,44886647,1008,322,
3,44886913,423,597,
3,44886997,133,67,1
3,44887490,13,1,
3,44887853,285,235,
3,44887965,259,83,
3,44888167,80,14,
3,44888184,13,7,
3,44888210,94,30,
3,44888236,207,292,
3,44888445,315,72,
3,44888548,116,47,
3,44888847,76,61,
3,44889163,95,6,23
3,44889354,180,67,
3,44889359,116,39,
3,44889580,343,162,
3,44889627,643,349,
3,44889673,19,3,5
3,44889715,206,200,
3,44889874,42,13,
3,44889941,788,294,
3,44890012,164,78,
3,44891090,112,92,
3,44891182,114,201,
3,44891296,10,0,
3,44891302,152,30,
3,44891509,117,26,
3,44891759,380,285,
3,44892209,746,460,
3,44892254,103,85,
3,44892283,468,792,
3,44893045,24,17,
3,44893118,60,5,14
3,44893254,391,241,
3,44893522,83,41,
3,44893600,172,120,
3,44893717,77,3,
3,44894910,368,361,
3,44894983,23,2,
3,44895037,21,0,
3,44895182,31,38,
3,44895222,155,92,
3,44895270,137,77,
3,44895497,161,116,
3,44896085,254,265,
3,44896433,259,132,
3,44896489,162,43,
3,44896690,32,9,
3,44896880,13,1,
3,44897098,75,40,
3,44897255,34,11,
3,44897271,13,6,
3,44897998,40,12,
3,44898242,141,132,
3,44898300,380,129,
3,44898560,63,20,
3,44898934,383,218,
3,44899249,15,4,
3,44899339,224,57,
3,44899415,195,128,
3,44899488,193,59,
3,44899516,61,18,18
3,44899685,319,380,
3,44899935,160,90,
3,44899999,439,338,
3,44900084,77,57,
3,44900116,821,479,
3,44900302,315,471,
3,44900340,206,177,
3,44900455,130,92,
3,44900918,8,0,
3,44901123,133,85,
3,44901330,306,134,
3,44901387,61,116,
3,44901528,71,55,
3,44901683,348,90,
3,44901853,274,75,
3,44901885,60,70,
3,44902127,411,87,
3,44902148,796,307,
3,44902227,36,14,
3,44902763,101,152,
3,44902797,1082,884,
3,44903227,13,0,
3,44903265,35,12,
3,44903331,35,7,
3,44903351,248,219,
3,44903448,5,5,
3,44903626,31,16,
3,44903803,917,594,
3,44903923,5,0,16
3,44903995,33,4,
3,44904608,10,0,
3,44904667,34,7,
3,44904869,127,64,
3,44904974,34,25,
3,44904993,177,29,
3,44905595,64,44,
3,44905631,26,4,
3,44905808,424,218,
3,44906231,56,10,
3,44906305,447,309,
3,44906529,23,4,
3,44906662,187,63,
3,44906762,29,35,
3,44906918,117,67,
3,44907133,4,0,
3,44907358,59,31,
3,44907366,88,46,
3,44907460,28,0,
3,44907531,220,250,
3,44907569,109,72,
3,44907632,9,0,
3,44907660,153,150,
3,44908035,9,0,
3,44908292,5,0,
3,44908409,21,8,
3,44908610,92,56,
3,44909133,158,63,
3,44909150,9,5,
3,44909416,6,0,
3,44909488,38,25,
3,44909692,9,0,
3,44909720,5,0,
3,44909911,7,1,
3,44910195,5,0,
3,44910393,157,149,
3,44910671,37,2,
3,44910719,82,24,
3,44910865,604,163,
3,44911069,192,229,
3,44911169,210,56,
3,44911275,19,1,
3,44911412,164,83,
3,44911423,700,426,
3,44911505,100,71,
3,44911538,90,80,
3,44911554,33,4,
3,44911560,182,97,
3,44911571,100,17,
3,44911582,26,0,
3,44911601,31,5,
3,44911653,10,1,
3,44911941,172,289,
3,44912646,177,166,
3,44912727,82,25,
3,44912861,343,443,
3,44913081,101,135,
3,44913340,309,182,
3,44913359,357,109,
3,44913663,342,142,
3,44913682,99,33,
3,44913782,6,0,
3,44913996,4,0,
3,44914040,70,66,
3,44914061,479,194,
3,44914149,154,45,
3,44914153,112,244,
3,44914176,28,11,
3,44914220,3,0,
3,44914671,37,10,
3,44914773,161,144,
3,44914980,25,24,
3,44915164,421,118,
3,44915187,209,78,
3,44915206,106,50,
3,44915220,54,11,
3,44915380,6,0,
3,44915796,93,4,
3,44915824,217,159,
3,44915993,74,29,
3,44916233,56,21,
3,44916258,3,0,
3,44916322,13,1,
3,44916509,34,5,
3,44916783,520,258,
3,44916813,251,416,
3,44916900,89,5,
3,44916908,15,1,
3,44917010,17,1,
3,44917308,197,289,
3,44917406,8,0,
3,44917450,103,29,
3,44917692,13,0,
3,44917805,8,1,
3,44917835,271,331,
3,44917922,75,29,
3,44918060,146,141,
3,44918163,19,3,
3,44918334,5,1,
3,44918413,15,0,
3,44918450,10,2,
3,44918708,11,17,
3,44918810,24,7,
3,44918907,17,7,
3,44919331,7,1,
3,44919432,20,15,
3,44919543,7,0,
3,44919647,167,66,
3,44919771,24,13,
3,44919891,466,240,
3,44919990,6,4,
3,44920344,11,0,
3,44920440,60,43,
3,44920810,7,2,
3,44920942,7,1,
3,44921040,5,0,
3,44921059,5,0,
3,44921137,749,331,26
3,44921142,121,93,
3,44921372,5,1,
3,44921539,7,4,
3,44921609,221,57,11
3,44921627,17,1,
3,44921780,7,0,
3,44921879,10,2,
3,44921945,150,280,
3,44921952,5,0,
3,44922020,185,80,19
3,44922210,5,0,
3,44922324,79,75,
3,44922571,335,166,20
3,44922668,6,0,
3,44922682,5,0,
3,44922814,12,1,
3,44922819,101,51,
3,44922848,3,0,
3,44922859,9,1,
3,44922943,7,1,
3,44922968,48,66,
3,44923076,8,0,
3,44923226,6,0,
3,44923284,28,13,
3,44923286,8,0,
3,44923397,6,0,
3,44923404,40,24,
3,44923426,8,0,
3,44923451,8,2,
3,44923465,226,80,10
3,44923743,19,1,
3,44923962,70,18,24
3,44924036,8,2,
3,44924055,236,148,28
3,44924254,13,2,
3,44924409,67,72,
3,44924461,209,180,9
3,44924581,161,102,
3,44924594,10,3,
3,44924802,10,13,
3,44924809,8,2,
3,44925066,5,1,
3,44925089,15,5,
3,44925123,72,8,16
3,44925333,7,1,
3,44925351,18,2,
3,44925380,390,153,17
3,44925438,48,93,
3,44925466,82,69,
3,44925476,70,78,30
3,44925526,12,0,
3,44925543,10,1,
3,44925597,66,19,22
3,44925716,42,20,
3,44925740,4,1,
3,44925822,15,11,
3,44925847,84,41,25
3,44925853,46,3,21
3,44925913,45,34,
3,44925966,89,52,
3,44925970,16,0,
3,44926143,16,7,
3,44926277,16,4,
3,44926414,98,8,5
3,44926430,10,4,
3,44926758,103,34,29
3,44926785,32,33,15
3,44926812,11,0,
3,44926965,55,24,12
3,44926982,14,7,
3,44926990,21,6,
3,44927182,25,5,
3,44927222,20,11,
3,44927244,82,40,3
3,44927271,73,21,4
3,44927311,30,2,
3,44927432,8,5,
3,44927450,9,3,
3,44927596,41,7,
3,44927934,115,45,8
3,44927944,6,0,
3,44927953,6,1,23
3,44928088,9,2,
3,44928497,22,1,12
3,44928504,20,4,2
4,44812613,119,54,
4,44813175,87,13,
4,44819037,289,177,
4,44819917,987,789,
4,44819968,247,174,
4,44821434,286,93,
4,44821848,82,13,
4,44822637,216,205,
4,44822730,154,68,
4,44823272,98,62,
4,44823850,136,105,
4,44824088,96,14,
4,44824321,97,65,
4,44824811,50,4,
4,44825347,238,19,
4,44833607,112,20,
4,44833869,118,33,
4,44834570,49,36,
4,44834918,218,36,
4,44835879,1124,218,
4,44836294,331,81,
4,44836879,484,200,
4,44837124,78,32,
4,44837434,251,42,
4,44837949,136,164,
4,44838378,404,191,
4,44839496,98,50,
4,44839575,155,38,
4,44840013,1123,285,
4,44840573,151,209,
4,44840582,585,114,
4,44840654,146,36,
4,44841262,494,445,
4,44841741,228,150,
4,44841891,100,233,
4,44842114,177,105,
4,44842442,86,46,
4,44843223,189,199,
4,44843586,206,111,
4,44843605,226,140,
4,44844394,183,43,
4,44844647,241,76,
4,44844733,58,34,
4,44844903,85,9,
4,44845251,191,238,
4,44845272,197,73,
4,44845787,272,125,
4,44846140,66,95,
4,44846281,779,160,
4,44846318,607,133,
4,44846781,226,54,
4,44846871,409,227,
4,44846922,429,115,
4,44847001,162,31,
4,44847334,109,21,
4,44847741,221,230,
4,44847903,71,40,
4,44848293,314,107,
4,44848782,960,409,
4,44848821,27,2,
4,44849129,266,70,
4,44849291,26,9,
4,44849834,66,91,
4,44850260,239,57,
4,44850681,355,113,
4,44850873,30,0,
4,44850913,692,240,
4,44850976,42,61,
4,44851019,168,222,
4,44851181,233,153,
4,44852058,33,12,
4,44852582,143,32,
4,44853064,346,81,
4,44853184,108,47,
4,44854171,157,104,
4,44854498,60,6,
4,44854518,368,233,
4,44854686,123,52,
4,44855079,658,334,
4,44855157,464,127,
4,44855690,486,97,
4,44856046,116,53,
4,44856426,1458,493,
4,44856935,260,94,
4,44857100,95,28,
4,44857267,34,6,
4,44857643,107,107,
4,44858371,93,14,
4,44859049,279,107,
4,44859761,80,26,
4,44859849,22,4,
4,44860015,220,145,
4,44860080,139,39,
4,44860139,430,261,
4,44860732,96,21,
4,44860746,72,68,
4,44860847,145,80,
4,44860908,113,61,
4,44861106,513,270,
4,44861460,73,72,
4,44861521,228,237,
4,44861536,54,16,
4,44862414,195,55,
4,44862583,95,15,
4,44862861,84,21,
4,44863242,445,125,
4,44863409,239,69,
4,44863754,37,26,
4,44864134,1370,787,
4,44864141,30,7,
4,44864185,836,503,
4,44864192,446,746,
4,44864212,83,10,
4,44864467,96,39,
4,44864680,163,129,
4,44865290,70,46,
4,44865400,25,5,
4,44865560,1452,1115,
4,44865813,178,121,
4,44865834,121,24,
4,44865908,87,21,
4,44865997,113,41,
4,44866208,1098,850,
4,44866500,195,98,
4,44866621,115,400,
4,44867238,172,89,
4,44867374,251,42,
4,44867842,14,1,
4,44868563,41,34,
4,44869188,65,53,
4,44869448,7,0,
4,44869601,24,1,
4,44870137,213,63,
4,44870277,224,265,
4,44870445,157,105,
4,44870664,44,9,
4,44870895,197,93,
4,44870905,58,18,
4,44871093,33,1,
4,44871337,415,83,
4,44871901,137,52,
4,44872114,64,9,
4,44872313,478,322,
4,44872522,22,1,
4,44872578,47,3,
4,44872584,162,84,
4,44872948,107,36,
4,44872984,93,12,
4,44873103,21,20,
4,44873225,82,81,
4,44873341,116,42,
4,44873635,129,62,
4,44874736,139,54,
4,44874838,11,2,
4,44875109,503,273,
4,44875137,153,218,
4,44875154,25,5,
4,44875270,308,229,
4,44875388,11,10,
4,44875440,64,33,
4,44875522,18,2,
4,44875837,24,5,
4,44875847,24,1,
4,44875848,557,191,
4,44875961,374,152,
4,44875992,355,375,
4,44876075,66,143,
4,44876115,6,7,
4,44876174,44,11,
4,44876346,173,44,
4,44876356,204,61,
4,44876844,91,25,
4,44877021,168,105,
4,44877076,535,899,
4,44877201,136,64,
4,44877404,117,69,
4,44877567,6,0,
4,44878147,1311,690,
4,44878151,662,115,
4,44878257,72,24,
4,44878650,307,163,
4,44878887,16,3,
4,44878916,209,59,
4,44879746,176,271,
4,44880081,65,45,
4,44880139,204,95,
4,44880401,310,94,
4,44880777,83,90,
4,44881109,77,18,
4,44881287,145,85,
4,44881638,25,7,
4,44881977,260,119,
4,44882438,129,46,
4,44882441,145,42,
4,44882754,30,4,
4,44883256,104,63,
4,44883281,15,6,
4,44883304,579,116,
4,44883634,826,241,
4,44884077,86,49,
4,44884091,91,28,
4,44884546,65,23,
4,44884709,431,291,
4,44884857,8,1,
4,44884863,24,5,
4,44885127,30,19,16
4,44885398,762,529,
4,44885821,186,185,
4,44886202,117,24,6
4,44886647,1008,322,
4,44886913,423,597,
4,44886997,172,137,1
4,44887490,13,1,
4,44887853,286,235,
4,44887965,259,83,
4,44888167,80,14,
4,44888184,13,7,
4,44888210,94,30,
4,44888236,207,292,
4,44888445,315,72,
4,44888548,117,48,
4,44888847,76,61,
4,44889163,96,6,22
4,44889354,180,67,
4,44889359,116,39,
4,44889580,343,162,
4,44889627,643,349,
4,44889673,34,6,4
4,44889715,206,200,
4,44889874,42,13,
4,44889941,788,294,
4,44890012,164,78,
4,44891090,112,92,
4,44891182,114,201,
4,44891296,10,0,
4,44891302,153,30,
4,44891509,117,26,
4,44891759,380,285,
4,44892209,746,460,
4,44892254,103,85,
4,44892283,469,796,
4,44893045,27,19,15
4,44893118,65,6,13
4,44893254,391,241,
4,44893522,83,41,
4,44893600,172,120,
4,44893717,77,3,
4,44894910,368,361,
4,44894983,23,2,
4,44895037,21,0,
4,44895182,31,38,
4,44895222,155,92,
4,44895270,137,77,
4,44895497,161,116,
4,44896085,254,265,
4,44896433,259,132,
4,44896489,162,43,
4,44896690,32,9,
4,44896880,13,1,
4,44897098,75,40,
4,44897255,34,11,
4,44897271,13,6,
4,44897998,40,12,
4,44898242,141,132,
4,44898300,380,129,
4,44898560,63,20,
4,44898934,383,218,
4,44899249,15,4,
4,44899339,224,57,
4,44899415,195,128,
4,44899488,193,59,
4,44899516,62,19,18
4,44899685,319,380,
4,44899935,160,90,
4,44899999,439,338,
4,44900084,77,57,
4,44900116,822,479,
4,44900302,315,471,
4,44900340,206,177,
4,44900455,130,92,
4,44900918,8,0,
4,44901123,133,85,
4,44901330,306,134,
4,44901387,61,116,
4,44901528,71,55,
4,44901683,348,90,
4,44901853,274,75,
4,44901885,60,70,
4,44902127,411,87,
4,44902148,797,307,
4,44902227,36,14,
4,44902763,101,153,
4,44902797,1083,887,
4,44903227,13,0,
4,44903265,35,12,
4,44903331,35,7,
4,44903351,248,220,
4,44903448,5,5,
4,44903626,31,16,
4,44903803,917,594,
4,44903923,6,0,18
4,44903995,33,4,
4,44904608,10,0,
4,44904667,34,7,
4,44904869,127,64,
4,44904974,34,25,
4,44904993,177,29,
4,44905595,64,44,
4,44905631,26,4,
4,44905808,424,218,
4,44906231,56,10,
4,44906305,447,309,
4,44906529,23,4,
4,44906662,187,63,
4,44906762,30,35,
4,44906918,117,67,
4,44907133,4,0,
4,44907358,59,31,
4,44907366,88,46,
4,44907460,28,0,
4,44907531,220,250,
4,44907569,109,72,
4,44907632,9,0,
4,44907660,153,150,
4,44908292,5,0,
4,44908409,21,8,
4,44908610,92,56,
4,44909133,158,63,
4,44909150,9,5,
4,44909416,6,0,
4,44909488,38,25,
4,44909692,9,0,
4,44909720,5,0,
4,44909911,7,1,
4,44910195,5,0,
4,44910393,157,149,
4,44910671,37,2,
4,44910719,82,24,
4,44910865,606,163,
4,44911069,192,229,
4,44911169,210,56,
4,44911275,19,1,
4,44911412,166,83,
4,44911423,700,427,
4,44911505,100,71,
4,44911538,90,80,
4,44911554,33,4,
4,44911560,182,97,
4,44911571,101,17,
4,44911582,26,0,
4,44911601,31,5,
4,44911653,10,1,
4,44911941,173,289,
4,44912646,178,166,
4,44912727,82,25,
4,44912861,343,444,
4,44913081,101,136,
4,44913340,309,182,
4,44913359,357,109,
4,44913663,345,142,
4,44913682,99,33,
4,44913782,6,0,
4,44913996,4,0,
4,44914040,70,66,
4,44914061,481,194,
4,44914149,154,45,
4,44914153,112,244,
4,44914176,28,11,
4,44914220,3,0,
4,44914671,37,10,
4,44914773,161,144,
4,44914980,25,24,
4,44915164,422,118,
4,44915187,209,78,
4,44915206,108,50,
4,44915220,54,11,
4,44915380,6,0,
4,44915796,94,4,
4,44915824,218,159,
4,44915993,74,29,
4,44916233,56,21,
4,44916258,3,0,
4,44916322,13,1,
4,44916509,34,5,
4,44916783,523,258,
4,44916813,251,416,
4,44916900,89,5,
4,44916908,15,1,
4,44917010,17,1,
4,44917308,197,289,
4,44917406,8,0,
4,44917450,105,30,
4,44917692,13,0,
4,44917805,8,1,
4,44917835,271,333,
4,44917922,75,29,
4,44918060,147,142,
4,44918163,19,3,
4,44918334,5,1,
4,44918413,15,0,
4,44918450,10,2,
4,44918708,11,17,
4,44918810,24,7,
4,44918907,17,7,
4,44919331,7,1,
4,44919432,20,15,
4,44919543,7,0,
4,44919647,169,66,
4,44919771,24,13,
4,44919891,468,240,
4,44919990,6,4,
4,44920344,11,0,
4,44920440,60,43,
4,44920810,7,2,
4,44920942,7,1,
4,44921040,5,0,
4,44921059,5,0,
4,44921137,761,331,28
4,44921142,121,94,
4,44921372,5,1,
4,44921539,7,4,
4,44921609,228,58,10
4,44921627,17,1,
4,44921780,7,0,
4,44921879,10,2,
4,44921945,154,284,
4,44921952,5,0,
4,44922020,187,82,21
4,44922210,5,0,
4,44922324,79,75,
4,44922571,340,168,24
4,44922668,6,0,
4,44922682,5,0,
4,44922814,12,1,
4,44922819,102,52,
4,44922848,4,0,
4,44922859,9,1,
4,44922943,7,1,
4,44922968,48,66,
4,44923076,8,0,
4,44923226,7,0,
4,44923284,28,13,
4,44923286,8,0,
4,44923397,6,0,
4,44923404,40,24,
4,44923426,9,0,
4,44923451,8,2,
4,44923465,233,81,9
4,44923743,19,1,
4,44923962,74,21,24
4,44924036,8,2,
4,44924055,239,151,30
4,44924254,13,2,
4,44924409,68,74,
4,44924461,226,190,8
4,44924581,162,104,
4,44924594,10,3,
4,44924802,10,13,
4,44924809,8,2,
4,44925066,5,1,
4,44925089,15,5,
4,44925123,78,8,17
4,44925333,9,1,
4,44925351,19,2,
4,44925380,399,156,19
4,44925438,51,94,
4,44925466,83,70,
4,44925476,71,78,
4,44925526,12,0,
4,44925543,10,1,
4,44925597,70,19,26
4,44925716,43,20,
4,44925740,4,1,
4,44925822,15,11,
4,44925847,87,41,27
4,44925853,48,5,20
4,44925913,46,35,
4,44925966,91,53,
4,44925970,16,0,
4,44926143,16,7,
4,44926277,18,4,
4,44926414,103,8,4
4,44926430,11,4,
4,44926758,110,35,
4,44926785,38,33,14
4,44926812,11,0,
4,44926965,61,25,12
4,44926982,15,8,
4,44926990,23,7,
4,44927119,4,0,
4,44927222,20,11,
4,44927244,95,40,1
4,44927271,87,28,3
4,44927311,43,12,
4,44927432,8,5,
4,44927450,10,3,
4,44927596,46,8,
4,44927934,136,65,7
4,44927944,13,0,
4,44927953,10,3,20
4,44928088,11,3,
4,44928497,50,28,11
4,44928504,25,6,3
5,44812613,120,54,
5,44813175,87,13,
5,44819037,289,177,
5,44819917,987,789,
5,44819968,247,174,
5,44821434,286,93,
5,44821848,82,13,
5,44822637,216,205,
5,44822730,154,68,
5,44823272,98,63,
5,44823850,136,105,
5,44824088,96,14,
5,44824321,98,65,
5,44824811,50,4,
5,44825347,238,19,
5,44833607,112,20,
5,44833869,118,33,
5,44834570,49,36,
5,44834918,218,36,
5,44835879,1124,218,
5,44836294,331,81,
5,44836879,484,200,
5,44837124,78,32,
5,44837434,251,42,
5,44837949,136,164,
5,44838378,404,191,
5,44839496,98,50,
5,44839575,155,38,
5,44840013,1123,285,
5,44840573,151,209,
5,44840582,585,114,
5,44840654,146,36,
5,44841262,494,445,
5,44841741,228,150,
5,44841891,100,233,
5,44842114,177,105,
5,44842442,86,46,
5,44843223,189,199,
5,44843586,206,111,
5,44843605,226,140,
5,44844394,183,43,
5,44844647,241,76,
5,44844733,58,34,
5,44844903,85,9,
5,44845251,191,238,
5,44845272,197,73,
5,44845787,272,125,
5,44846140,66,95,
5,44846281,779,160,
5,44846318,607,133,
5,44846781,226,54,
5,44846871,409,227,
5,44846922,429,115,
5,44847001,162,31,
5,44847334,109,21,
5,44847741,221,230,
5,44847903,71,40,
5,44848293,314,107,
5,44848782,960,409,
5,44848821,27,2,
5,44849129,266,70,
5,44849291,26,9,
5,44849834,66,91,
5,44850260,239,57,
5,44850681,355,113,
5,44850873,30,0,
5,44850913,692,240,
5,44850976,42,61,
5,44851019,168,222,
5,44851181,233,153,
5,44852058,33,12,
5,44852582,143,32,
5,44853064,346,81,
5,44853184,108,47,
5,44854171,157,104,
5,44854498,60,6,
5,44854518,368,233,
5,44854525,224,49,
5,44854686,123,52,
5,44855079,658,334,
5,44855157,464,127,
5,44855690,486,97,
5,44856046,116,53,
5,44856426,1458,493,
5,44856935,260,94,
5,44857100,95,28,
5,44857267,34,6,
5,44857643,107,107,
5,44858371,93,14,
5,44859049,279,107,
5,44859761,80,26,
5,44859849,22,4,
5,44860015,220,145,
5,44860080,139,39,
5,44860139,430,261,
5,44860732,96,21,
5,44860746,72,68,
5,44860847,146,80,
5,44860908,113,61,
5,44861106,513,270,
5,44861460,73,72,
5,44861521,228,237,
5,44861536,54,16,
5,44862414,195,55,
5,44862583,95,15,
5,44862861,84,21,
5,44863242,445,125,
5,44863409,239,69,
5,44863754,37,26,
5,44864134,1371,787,
5,44864141,30,7,
5,44864185,836,503,
5,44864192,446,746,
5,44864212,83,10,
5,44864467,96,39,
5,44864680,163,129,
5,44865290,70,46,
5,44865400,25,5,
5,44865560,1452,1115,
5,44865813,178,121,
5,44865834,121,24,
5,44865908,87,21,
5,44865997,113,41,
5,44866208,1099,850,
5,44866500,195,98,
5,44866621,115,400,
5,44867238,172,89,
5,44867374,251,42,
5,44867842,14,1,
5,44868563,41,34,
5,44869188,65,53,
5,44869448,7,0,
5,44869601,24,1,
5,44870137,213,63,
5,44870277,224,265,
5,44870445,157,105,
5,44870664,44,9,
5,44870895,197,93,
5,44870905,58,18,
5,44871093,33,1,
5,44871337,415,83,
5,44871901,137,52,
5,44872114,64,9,
5,44872313,478,322,
5,44872522,22,1,
5,44872578,47,3,
5,44872584,162,84,
5,44872948,107,36,
5,44872984,93,12,
5,44873103,21,20,
5,44873225,82,81,
5,44873341,116,42,
5,44873635,129,62,
5,44874736,139,54,
5,44874838,11,2,
5,44875109,503,273,
5,44875137,153,218,
5,44875154,25,5,
5,44875270,308,229,
5,44875388,11,10,
5,44875440,64,33,
5,44875522,18,2,
5,44875837,25,5,
5,44875847,24,1,
5,44875848,557,191,
5,44875961,374,152,
5,44875992,355,375,
5,44876075,66,143,
5,44876115,6,7,
5,44876174,44,11,
5,44876346,173,44,
5,44876356,204,61,
5,44876844,91,25,
5,44877021,168,105,
5,44877076,535,899,
5,44877201,136,64,
5,44877404,117,69,
5,44877567,6,0,
5,44878147,1311,690,
5,44878151,663,115,
5,44878257,72,24,
5,44878650,307,163,
5,44878887,16,3,
5,44878916,209,59,
5,44879746,176,271,
5,44880081,65,45,
5,44880139,204,95,
5,44880401,310,94,
5,44880777,83,90,
5,44881109,77,18,
5,44881287,145,85,
5,44881638,27,7,
5,44881977,260,119,
5,44882438,129,46,
5,44882441,145,42,
5,44882754,30,4,
5,44883256,104,65,
5,44883281,15,6,
5,44883304,579,116,
5,44883634,827,241,
5,44884077,88,49,
5,44884091,91,28,
5,44884546,65,23,
5,44884709,431,292,
5,44884857,9,1,
5,44884863,24,5,
5,44885127,31,21,17
5,44885398,763,529,
5,44885821,186,185,
5,44886202,118,24,6
5,44886647,1009,323,
5,44886913,423,597,
5,44886997,219,184,1
5,44887490,13,1,
5,44887643,6,2,13
5,44887853,286,235,
5,44887965,259,83,
5,44888167,80,14,
5,44888184,13,7,
5,44888210,94,30,
5,44888236,207,292,
5,44888445,315,72,
5,44888548,118,48,
5,44888847,76,61,
5,44889163,100,6,23
5,44889354,180,67,
5,44889359,116,39,
5,44889580,343,162,
5,44889627,643,349,
5,44889673,40,9,4
5,44889715,206,200,
5,44889874,43,13,
5,44889941,788,294,
5,44890012,164,78,
5,44891090,112,92,
5,44891182,114,201,
5,44891296,10,0,
5,44891302,153,30,
5,44891509,117,26,
5,44891759,380,285,
5,44892209,746,460,
5,44892254,103,85,
5,44892283,469,797,
5,44893045,35,29,13
5,44893118,69,7,13
5,44893254,391,241,
5,44893522,83,41,
5,44893600,172,120,
5,44893717,77,3,
5,44894910,370,361,
5,44894983,23,2,
5,44895037,21,0,
5,44895182,31,38,
5,44895222,155,92,
5,44895270,137,77,
5,44895497,161,116,
5,44896085,254,265,
5,44896433,259,132,
5,44896489,162,43,
5,44896690,32,9,
5,44896880,14,1,
5,44897098,75,40,
5,44897255,34,11,
5,44897271,13,6,
5,44897998,40,12,
5,44898242,141,132,
5,44898300,380,129,
5,44898560,64,20,
5,44898934,383,218,
5,44899249,15,4,
5,44899339,224,57,
5,44899415,195,128,
5,44899488,193,59,
5,44899516,65,21,19
5,44899685,319,380,
5,44899935,160,90,
5,44899999,439,338,
5,44900084,77,57,
5,44900116,823,479,
5,44900302,315,471,
5,44900340,206,177,
5,44900455,131,92,
5,44900918,8,0,
5,44901123,133,85,
5,44901330,306,134,
5,44901387,62,116,
5,44901528,71,55,
5,44901683,349,90,
5,44901853,275,75,
5,44901885,60,70,
5,44902127,411,87,
5,44902148,797,307,
5,44902227,36,14,
5,44902763,101,153,
5,44902797,1083,889,
5,44903227,13,0,
5,44903265,35,12,
5,44903331,36,7,
5,44903351,248,220,
5,44903448,5,5,
5,44903626,31,16,
5,44903803,917,596,
5,44903923,8,0,18
5,44903995,33,4,
5,44904608,10,0,
5,44904667,34,7,
5,44904869,127,64,
5,44904974,34,25,
5,44904993,177,30,
5,44905595,64,44,
5,44905631,26,4,
5,44905808,424,218,
5,44906231,56,10,
5,44906305,447,309,
5,44906529,23,4,
5,44906662,187,63,
5,44906762,30,35,
5,44906918,117,67,
5,44907133,4,0,
5,44907358,59,31,
5,44907366,88,46,
5,44907460,28,0,
5,44907531,220,250,
5,44907569,109,72,
5,44907632,10,0,
5,44907660,153,150,
5,44908292,5,0,
5,44908409,21,8,
5,44908610,92,56,
5,44909133,158,63,
5,44909150,9,5,
5,44909416,6,0,
5,44909488,38,25,
5,44909692,9,0,
5,44909720,5,0,
5,44909911,7,1,
5,44910195,5,0,
5,44910393,157,149,
5,44910671,37,2,
5,44910719,82,24,
5,44910865,607,164,
5,44911069,192,229,
5,44911169,210,56,
5,44911275,19,1,
5,44911412,167,83,
5,44911423,700,427,
5,44911505,100,71,
5,44911538,90,80,
5,44911554,33,4,
5,44911560,182,97,
5,44911571,101,17,
5,44911582,26,0,
5,44911601,31,5,
5,44911653,10,1,
5,44911941,173,289,
5,44912646,178,166,
5,44912727,82,25,
5,44912861,343,445,
5,44913081,101,136,
5,44913340,309,182,
5,44913359,357,109,
5,44913663,346,142,
5,44913682,99,33,
5,44913782,6,0,
5,44913996,4,0,
5,44914040,70,66,
5,44914061,482,195,
5,44914149,155,45,
5,44914153,112,244,
5,44914176,28,11,
5,44914220,3,0,
5,44914671,37,10,
5,44914773,161,145,
5,44914980,25,24,
5,44915164,423,118,
5,44915187,209,78,
5,44915206,108,50,
5,44915220,54,11,
5,44915380,6,0,
5,44915796,94,4,
5,44915824,218,160,
5,44915993,74,29,
5,44916233,56,21,
5,44916258,3,0,
5,44916322,13,1,
5,44916509,34,5,
5,44916783,523,259,
5,44916813,251,416,
5,44916900,89,5,
5,44916908,15,1,
5,44917010,17,1,
5,44917308,198,290,
5,44917406,8,0,
5,44917450,105,30,
5,44917692,13,0,
5,44917835,271,333,
5,44917922,75,30,
5,44918060,147,142,
5,44918163,19,3,
5,44918334,6,1,
5,44918413,15,0,
5,44918450,10,2,
5,44918708,11,17,
5,44918810,24,7,
5,44918907,17,7,
5,44919432,20,15,
5,44919543,7,0,
5,44919647,170,66,
5,44919771,24,13,
5,44919891,470,243,
5,44919990,6,4,
5,44920344,11,0,
5,44920440,60,43,
5,44920810,7,2,
5,44920942,8,1,
5,44921040,5,0,
5,44921059,5,0,
5,44921137,770,337,29
5,44921142,121,94,
5,44921372,5,1,
5,44921539,7,4,
5,44921609,234,58,11
5,44921627,17,1,
5,44921780,7,0,
5,44921879,11,2,
5,44921945,155,286,
5,44921952,5,0,
5,44922020,191,84,22
5,44922210,5,0,
5,44922324,79,75,
5,44922571,348,169,25
5,44922668,6,0,
5,44922682,5,0,
5,44922814,12,1,
5,44922819,104,52,
5,44922848,4,0,
5,44922859,10,1,
5,44922943,7,1,
5,44922968,48,66,
5,44923076,8,0,
5,44923226,7,0,
5,44923284,28,13,
5,44923286,8,0,
5,44923397,6,0,
5,44923404,40,24,
5,44923426,11,0,
5,44923451,8,2,
5,44923465,241,86,10
5,44923743,19,1,
5,44923962,81,23,22
5,44924036,8,2,
5,44924055,241,153,30
5,44924254,13,2,
5,44924409,69,75,
5,44924461,238,201,8
5,44924581,165,106,
5,44924594,10,3,
5,44924802,10,13,
5,44924809,8,2,
5,44925066,5,1,
5,44925089,15,5,
5,44925123,82,8,16
5,44925333,10,1,
5,44925351,20,2,
5,44925380,406,159,20
5,44925438,55,96,
5,44925466,85,72,
5,44925476,74,82,
5,44925526,12,0,
5,44925543,10,1,
5,44925597,72,21,28
5,44925716,45,20,
5,44925822,16,11,
5,44925847,88,44,27
5,44925853,52,6,21
5,44925913,48,35,
5,44925966,95,54,
5,44925970,16,0,
5,44926143,16,7,
5,44926277,21,5,
5,44926414,105,8,5
5,44926430,12,5,
5,44926758,112,35,
5,44926785,40,33,14
5,44926812,12,0,
5,44926965,70,31,12
5,44926982,18,11,
5,44926990,24,10,
5,44927119,4,0,
5,44927222,20,11,
5,44927244,102,43,1
5,44927271,94,30,3
5,44927432,9,5,
5,44927450,11,3,
5,44927596,51,8,
5,44927934,179,82,7
5,44927944,16,1,
5,44927953,14,3,25
5,44928088,13,4,
5,44928497,84,42,9
5,44928632,7,0,
5,44928709,8,1,
5,44928807,3,2,
5,44928829,5,0,
5,44928937,18,8,1
6,44812613,120,54,
6,44813175,87,13,
6,44819037,289,177,
6,44819917,987,789,
6,44819968,247,174,
6,44821434,286,93,
6,44821848,82,13,
6,44822637,216,205,
6,44822730,154,68,
6,44823272,98,63,
6,44823850,136,105,
6,44824088,96,14,
6,44824321,98,65,
6,44824811,50,4,
6,44825347,238,19,
6,44833607,112,20,
6,44833869,118,33,
6,44834570,49,36,
6,44834918,218,36,
6,44835879,1124,218,
6,44836294,331,81,
6,44836879,484,200,
6,44837124,78,32,
6,44837434,251,42,
6,44837949,136,164,
6,44838378,404,191,
6,44839496,98,50,
6,44839575,155,39,
6,44840013,1123,285,
6,44840573,151,209,
6,44840582,585,114,
6,44840654,146,36,
6,44841262,494,445,
6,44841741,228,150,
6,44841891,100,233,
6,44842114,177,105,
6,44842442,86,46,
6,44843223,189,199,
6,44843586,206,111,
6,44843605,226,140,
6,44844394,183,43,
6,44844647,241,76,
6,44844733,58,34,
6,44844903,85,9,
6,44845251,191,238,
6,44845272,197,73,
6,44845787,272,125,
6,44846140,66,95,
6,44846281,779,160,
6,44846318,607,133,
6,44846781,226,54,
6,44846871,409,227,
6,44846922,429,115,
6,44847001,162,31,
6,44847334,109,21,
6,44847741,221,230,
6,44847903,71,40,
6,44848293,314,107,
6,44848782,960,409,
6,44848821,27,2,
6,44849129,266,70,
6,44849291,26,9,
6,44849834,66,91,
6,44850260,239,57,
6,44850681,355,113,
6,44850873,30,0,
6,44850913,692,240,
6,44850976,42,61,
6,44851019,168,222,
6,44851181,233,153,
6,44852058,33,12,
6,44852582,143,32,
6,44853064,347,81,
6,44853184,108,47,
6,44854171,157,104,
6,44854498,60,6,
6,44854518,368,233,
6,44854525,224,49,
6,44854686,123,52,
6,44855079,658,334,
6,44855157,465,127,
6,44855690,486,97,
6,44856046,116,53,
6,44856426,1459,493,
6,44856935,260,94,
6,44857100,95,28,
6,44857267,34,6,
6,44857643,107,107,
6,44858371,93,14,
6,44859049,279,107,
6,44859761,80,26,
6,44859849,22,4,
6,44860015,220,145,
6,44860080,139,39,
6,44860139,430,261,
6,44860732,96,21,
6,44860746,72,68,
6,44860847,147,80,
6,44860908,114,61,
6,44861106,513,270,
6,44861460,73,72,
6,44861521,228,237,
6,44861536,54,16,
6,44862414,195,55,
6,44862583,95,15,
6,44862861,84,21,
6,44863242,445,125,
6,44863409,239,69,
6,44863754,37,26,
6,44864134,1371,787,
6,44864141,30,7,
6,44864185,836,503,
6,44864192,446,746,
6,44864212,83,10,
6,44864467,96,39,
6,44864680,163,129,
6,44865290,70,46,
6,44865400,25,5,
6,44865560,1452,1115,
6,44865813,178,121,
6,44865834,121,24,
6,44865908,87,21,
6,44865997,113,41,
6,44866208,1099,850,
6,44866500,195,98,
6,44866621,115,400,
6,44867238,172,89,
6,44867374,251,42,
6,44867842,14,1,
6,44868563,41,34,
6,44869188,65,53,
6,44869448,7,0,
6,44869601,24,1,
6,44870137,213,63,
6,44870277,224,265,
6,44870445,157,105,
6,44870664,44,9,
6,44870895,197,93,
6,44870905,58,18,
6,44871093,33,1,
6,44871337,415,83,
6,44871901,137,52,
6,44872114,64,9,
6,44872313,478,322,
6,44872522,22,1,
6,44872578,47,3,
6,44872584,162,84,
6,44872948,107,36,
6,44872984,93,12,
6,44873103,21,20,
6,44873225,82,81,
6,44873341,116,42,
6,44873635,129,62,
6,44874736,139,54,
6,44874838,11,2,
6,44875109,503,273,
6,44875137,153,218,
6,44875154,25,5,
6,44875270,308,229,
6,44875388,11,10,
6,44875440,64,33,
6,44875522,18,2,
6,44875837,25,5,
6,44875847,24,1,
6,44875848,557,191,
6,44875961,374,152,
6,44875992,355,375,
6,44876075,66,143,
6,44876115,6,7,
6,44876174,44,11,
6,44876346,173,44,
6,44876356,204,61,
6,44876844,91,25,
6,44877021,168,105,
6,44877076,535,899,
6,44877201,136,64,
6,44877404,117,69,
6,44877567,6,0,
6,44878147,1311,690,
6,44878151,664,115,
6,44878257,72,24,
6,44878650,308,163,
6,44878887,16,3,
6,44878916,209,59,
6,44879746,176,271,
6,44880081,65,45,
6,44880139,205,95,
6,44880401,310,94,
6,44880777,83,90,
6,44881109,77,18,
6,44881287,145,85,
6,44881638,27,7,
6,44881977,260,119,
6,44882438,129,46,
6,44882441,145,42,
6,44882754,30,4,
6,44883256,104,65,
6,44883281,15,6,
6,44883304,579,116,
6,44883634,827,241,
6,44884077,90,50,
6,44884091,91,28,
6,44884546,65,23,
6,44884709,431,292,
6,44884857,9,1,
6,44884863,24,5,
6,44885127,33,25,15
6,44885398,763,529,
6,44885821,186,185,
6,44886202,126,26,7
6,44886647,1009,323,
6,44886913,423,597,
6,44886997,253,218,1
6,44887490,13,1,
6,44887643,10,5,12
6,44887744,6,0,12
6,44887853,286,235,
6,44887965,259,83,
6,44888167,80,14,
6,44888184,13,7,
6,44888210,94,30,
6,44888236,207,292,
6,44888445,315,72,
6,44888548,118,48,
6,44888847,76,61,
6,44889163,102,7,26
6,44889354,180,67,
6,44889359,116,39,
6,44889580,343,162,
6,44889627,643,349,
6,44889673,51,12,3
6,44889715,206,200,
6,44889874,43,13,
6,44889941,789,294,
6,44890012,164,78,
6,44891090,112,92,
6,44891182,114,201,
6,44891296,10,0,
6,44891302,153,30,
6,44891509,117,26,
6,44891759,380,285,
6,44892209,746,460,
6,44892254,103,85,
6,44892283,469,801,
6,44893045,42,43,12
6,44893118,74,7,11
6,44893254,391,241,
6,44893522,83,41,
6,44893600,172,120,
6,44893717,77,3,
6,44894910,370,362,
6,44894983,23,2,
6,44895037,21,0,
6,44895182,31,38,
6,44895222,155,92,
6,44895270,137,77,
6,44895497,161,116,
6,44896085,254,265,
6,44896433,259,132,
6,44896489,162,43,
6,44896690,32,9,
6,44896880,14,1,
6,44897098,75,40,
6,44897255,35,11,
6,44897271,13,6,
6,44897998,40,12,
6,44898242,141,132,
6,44898300,380,129,
6,44898560,64,20,
6,44898934,384,218,
6,44899249,15,4,
6,44899339,224,57,
6,44899415,195,128,
6,44899488,194,59,
6,44899516,66,23,17
6,44899685,319,380,
6,44899935,162,90,
6,44899999,440,338,
6,44900084,77,57,
6,44900116,824,479,
6,44900302,315,472,
6,44900340,206,177,
6,44900455,131,92,
6,44900918,8,0,
6,44901123,133,85,
6,44901330,307,134,
6,44901387,62,116,
6,44901528,71,55,
6,44901683,349,90,
6,44901853,275,75,
6,44901885,61,70,
6,44902127,411,87,
6,44902148,799,307,
6,44902227,36,14,
6,44902763,101,153,
6,44902797,1084,891,
6,44903227,13,0,
6,44903265,35,12,
6,44903331,36,7,
6,44903351,248,220,
6,44903448,5,5,
6,44903626,31,16,
6,44903803,917,596,
6,44903923,11,0,20
6,44903995,33,4,
6,44904608,10,0,
6,44904667,36,7,
6,44904869,127,64,
6,44904974,34,25,
6,44904993,178,30,
6,44905595,64,44,
6,44905631,26,4,
6,44905808,424,218,
6,44906231,56,10,
6,44906305,448,309,
6,44906529,23,4,
6,44906662,187,63,
6,44906762,30,35,
6,44906918,118,67,
6,44907133,4,0,
6,44907358,59,32,
6,44907366,89,46,
6,44907460,28,0,
6,44907531,220,252,
6,44907569,109,72,
6,44907632,10,0,
6,44907660,153,150,
6,44908610,92,56,
6,44909133,158,63,
6,44909150,9,5,
6,44909416,6,0,
6,44909488,38,25,
6,44909692,9,0,
6,44909720,5,0,
6,44909911,7,1,
6,44910195,5,0,
6,44910393,157,149,
6,44910671,37,2,
6,44910719,82,24,
6,44910865,608,166,
6,44911069,192,229,
6,44911169,210,56,
6,44911275,19,1,
6,44911412,168,84,
6,44911423,700,429,
6,44911505,100,71,
6,44911538,90,80,
6,44911554,33,4,
6,44911560,182,97,
6,44911571,101,18,
6,44911582,26,0,
6,44911601,31,5,
6,44911653,10,1,
6,44911941,173,289,
6,44912646,178,167,
6,44912727,82,25,
6,44912861,343,445,
6,44913081,101,138,
6,44913340,309,182,
6,44913359,358,109,
6,44913663,347,142,
6,44913682,99,33,
6,44913782,6,0,
6,44913996,4,0,
6,44914040,70,66,
6,44914061,482,195,
6,44914149,155,45,
6,44914153,112,244,
6,44914176,28,11,
6,44914220,3,0,
6,44914671,37,10,
6,44914773,161,145,
6,44914980,25,24,
6,44915164,423,118,
6,44915187,209,78,
6,44915206,108,50,
6,44915220,54,11,
6,44915380,6,0,
6,44915796,94,4,
6,44915824,218,160,
6,44915993,74,29,
6,44916233,56,21,
6,44916258,3,0,
6,44916322,13,1,
6,44916509,34,5,
6,44916783,524,261,
6,44916813,252,416,
6,44916900,89,5,
6,44916908,15,1,
6,44917010,17,1,
6,44917308,198,290,
6,44917406,8,0,
6,44917450,105,30,
6,44917692,13,0,
6,44917835,271,334,
6,44917922,75,30,
6,44918060,147,142,
6,44918163,19,3,
6,44918334,6,1,
6,44918413,15,0,
6,44918450,10,2,
6,44918708,11,17,
6,44918810,24,7,
6,44918907,17,7,
6,44919432,20,15,
6,44919647,171,66,
6,44919771,24,13,
6,44919891,472,244,
6,44919990,6,4,
6,44920344,11,0,
6,44920440,60,43,
6,44920810,7,2,
6,44920942,8,1,
6,44921040,6,0,
6,44921137,778,341,29
6,44921142,121,94,
6,44921372,5,1,
6,44921539,7,4,
6,44921609,241,61,9
6,44921627,17,1,
6,44921780,7,0,
6,44921879,11,2,
6,44921945,158,286,
6,44921952,5,0,
6,44922020,196,86,21
6,44922210,5,0,
6,44922324,79,75,
6,44922571,359,172,26
6,44922668,6,0,
6,44922682,5,0,
6,44922814,12,1,
6,44922819,104,53,
6,44922848,4,0,
6,44922859,10,2,
6,44922943,7,1,
6,44922968,48,66,
6,44923226,7,0,
6,44923284,29,13,
6,44923286,8,0,
6,44923397,6,0,
6,44923404,40,24,
6,44923426,12,0,
6,44923451,8,2,
6,44923465,254,87,8
6,44923743,19,1,
6,44923962,87,24,20
6,44924036,8,2,
6,44924055,241,154,
6,44924254,13,2,
6,44924409,70,75,
6,44924461,254,210,5
6,44924581,167,106,
6,44924594,10,3,
6,44924802,10,13,
6,44924809,9,2,
6,44925066,5,1,
6,44925089,15,5,
6,44925123,89,8,14
6,44925333,11,1,
6,44925351,20,2,
6,44925380,411,165,22
6,44925438,56,99,
6,44925466,87,73,
6,44925476,75,84,
6,44925526,12,0,
6,44925543,10,1,
6,44925597,77,21,25
6,44925716,45,20,
6,44925822,16,11,
6,44925847,89,44,
6,44925853,62,8,19
6,44925913,48,35,
6,44925966,97,54,
6,44925970,16,0,
6,44926143,16,7,
6,44926277,21,5,
6,44926414,108,9,4
6,44926430,12,5,
6,44926758,113,36,
6,44926785,52,35,11
6,44926812,12,0,
6,44926965,73,32,16
6,44926982,19,13,
6,44926990,24,10,
6,44927119,4,0,
6,44927222,20,11,
6,44927244,122,50,1
6,44927271,105,30,2
6,44927432,9,5,
6,44927450,11,3,
6,44927596,54,8,
6,44927934,215,129,5
6,44927944,16,1,
6,44927953,20,3,18
6,44928088,16,6,
6,44928497,106,59,7
6,44928632,10,2,
6,44928643,4,0,
6,44928709,12,3,
6,44928829,13,5,29
6,44929260,8,0,30
7,44812613,120,54,
7,44813175,87,13,
7,44819037,289,177,
7,44819917,987,789,
7,44819968,247,174,
7,44821434,286,93,
7,44821848,82,13,
7,44822637,216,205,
7,44822730,154,68,
7,44823272,98,63,
7,44823850,136,105,
7,44824088,96,14,
7,44824321,98,65,
7,44824811,50,4,
7,44825347,238,19,
7,44832908,339,326,
7,44833607,112,20,
7,44833869,118,33,
7,44834570,49,36,
7,44834918,218,36,
7,44835879,1124,218,
7,44836294,331,81,
7,44836879,484,200,
7,44837124,78,32,
7,44837434,251,42,
7,44837949,136,164,
7,44838378,404,191,
7,44839496,98,50,
7,44839575,155,39,
7,44840013,1123,285,
7,44840573,151,209,
7,44840582,585,114,
7,44840654,146,36,
7,44840728,566,364,
7,44841262,494,445,
7,44841741,228,150,
7,44841891,100,233,
7,44842114,177,105,
7,44842442,86,46,
7,44843223,189,199,
7,44843586,206,111,
7,44843605,226,140,
7,44844394,183,43,
7,44844647,241,76,
7,44844733,58,34,
7,44844903,85,9,
7,44845251,191,238,
7,44845272,197,73,
7,44845787,272,125,
7,44846140,66,95,
7,44846281,779,160,
7,44846318,607,133,
7,44846781,226,54,
7,44846871,409,227,
7,44846922,429,115,
7,44847001,162,31,
7,44847334,109,21,
7,44847741,221,230,
7,44847903,71,40,
7,44848293,314,107,
7,44848782,960,409,
7,44848821,28,2,
7,44849129,266,70,
7,44849291,27,9,
7,44849834,66,91,
7,44850260,239,57,
7,44850681,355,113,
7,44850873,31,0,
7,44850913,692,240,
7,44850976,43,61,
7,44851019,168,222,
7,44851181,233,153,
7,44852058,34,12,
7,44852582,143,32,
7,44853064,347,81,
7,44853184,108,47,
7,44854171,157,104,
7,44854498,60,6,
7,44854518,368,233,
7,44854525,224,49,
7,44854686,123,52,
7,44855079,658,334,
7,44855157,465,127,
7,44855690,486,97,
7,44856046,117,53,
7,44856426,1459,493,
7,44856935,260,94,
7,44857100,95,28,
7,44857267,34,6,
7,44857643,107,107,
7,44858371,93,14,
7,44859049,279,107,
7,44859761,80,26,
7,44859849,23,4,
7,44860015,220,145,
7,44860080,139,39,
7,44860139,430,261,
7,44860732,96,21,
7,44860746,72,68,
7,44860847,147,80,
7,44860908,114,61,
7,44861106,513,270,
7,44861460,73,72,
7,44861521,228,237,
7,44861536,54,16,
7,44862414,195,55,
7,44862583,95,15,
7,44862861,84,21,
7,44863242,445,125,
7,44863409,239,69,
7,44863754,38,26,
7,44864134,1372,787,
7,44864141,30,7,
7,44864185,836,503,
7,44864192,446,746,
7,44864212,83,10,
7,44864467,96,39,
7,44864680,163,129,
7,44865290,70,46,
7,44865400,25,5,
7,44865560,1452,1115,
7,44865813,178,121,
7,44865834,121,24,
7,44865908,87,21,
7,44865997,113,41,
7,44866208,1099,850,
7,44866500,196,98,
7,44866621,115,400,
7,44867238,172,89,
7,44867374,251,42,
7,44867842,14,1,
7,44868563,41,34,
7,44869188,65,53,
7,44869448,7,0,
7,44869601,24,1,
7,44870137,213,63,
7,44870277,224,265,
7,44870445,157,105,
7,44870664,44,9,
7,44870895,197,93,
7,44870905,58,18,
7,44871093,33,1,
7,44871337,415,83,
7,44871901,137,52,
7,44872114,64,9,
7,44872313,478,322,
7,44872522,22,1,
7,44872578,47,3,
7,44872584,162,85,
7,44872948,107,36,
7,44872984,93,12,
7,44873103,21,20,
7,44873225,82,81,
7,44873341,116,42,
7,44873635,129,62,
7,44874736,139,54,
7,44874838,11,2,
7,44875109,503,273,
7,44875137,153,219,
7,44875154,25,5,
7,44875270,308,229,
7,44875388,11,10,
7,44875440,64,33,
7,44875522,18,2,
7,44875837,25,5,
7,44875847,25,1,
7,44875848,557,191,
7,44875961,374,152,
7,44875992,355,375,
7,44876075,67,143,
7,44876115,6,7,
7,44876174,44,11,
7,44876346,173,44,
7,44876356,204,61,
7,44876844,91,25,
7,44877021,168,105,
7,44877076,535,899,
7,44877201,136,64,
7,44877404,117,69,
7,44877567,6,0,
7,44878147,1311,690,
7,44878151,664,115,
7,44878257,72,24,
7,44878650,308,163,
7,44878887,16,3,
7,44878916,209,59,
7,44879746,176,271,
7,44880081,65,45,
7,44880139,206,95,
7,44880401,310,94,
7,44880777,83,90,
7,44881109,77,18,
7,44881287,145,85,
7,44881638,27,7,
7,44881977,260,119,
7,44882438,129,46,
7,44882441,145,42,
7,44882754,30,4,
7,44883256,104,65,
7,44883281,15,6,
7,44883304,579,116,
7,44883634,827,241,
7,44884077,90,52,
7,44884091,91,28,
7,44884546,65,23,
7,44884709,431,292,
7,44884857,10,1,
7,44884863,25,5,
7,44885127,34,25,20
7,44885398,763,529,
7,44885590,71,43,
7,44885821,187,185,
7,44886202,133,31,7
7,44886647,1010,323,
7,44886913,423,597,
7,44886997,266,234,30
7,44887490,13,1,
7,44887643,12,7,14
7,44887744,19,0,7
7,44887853,286,235,
7,44887965,259,83,
7,44888167,80,14,
7,44888184,13,7,
7,44888210,94,30,
7,44888236,207,292,
7,44888445,315,72,
7,44888548,119,48,
7,44888847,76,61,
7,44889163,104,7,25
7,44889354,180,67,
7,44889359,116,39,
7,44889580,343,162,
7,44889627,643,349,
7,44889673,65,16,3
7,44889715,206,200,
7,44889874,43,13,
7,44889941,789,294,
7,44890012,165,78,
7,44891090,112,92,
7,44891182,115,201,
7,44891296,10,0,
7,44891302,153,30,
7,44891509,118,26,
7,44891596,7,5,22
7,44891759,380,286,
7,44892209,746,460,
7,44892254,104,85,
7,44892283,471,801,
7,44893045,44,47,
7,44893118,77,7,11
7,44893254,391,241,
7,44893522,83,41,
7,44893600,172,120,
7,44893717,77,3,
7,44894910,370,362,
7,44894983,23,2,
7,44895037,21,0,
7,44895182,32,38,
7,44895222,155,92,
7,44895270,137,77,
7,44895497,161,116,
7,44896085,254,265,
7,44896433,259,132,
7,44896489,163,44,
7,44896690,32,9,
7,44896880,14,1,
7,44897098,75,40,
7,44897255,35,11,
7,44897271,13,6,
7,44897998,40,12,
7,44898242,141,132,
7,44898300,380,129,
7,44898560,65,20,
7,44898934,384,218,
7,44899249,15,4,
7,44899339,224,57,
7,44899415,195,128,
7,44899488,194,59,
7,44899516,67,23,27
7,44899685,319,380,
7,44899935,163,90,
7,44899999,440,338,
7,44900084,77,57,
7,44900116,824,479,
7,44900302,315,472,
7,44900340,206,177,
7,44900455,131,92,
7,44900918,8,0,
7,44901123,133,85,
7,44901330,307,134,
7,44901387,62,116,
7,44901528,71,55,
7,44901683,350,91,
7,44901853,275,75,
7,44901885,61,70,
7,44902127,411,87,
7,44902148,799,307,
7,44902227,36,14,
7,44902763,101,153,
7,44902797,1084,891,
7,44903227,13,0,
7,44903265,35,12,
7,44903331,36,7,
7,44903351,248,220,
7,44903448,5,5,
7,44903626,31,16,
7,44903803,917,596,
7,44903923,16,0,15
7,44903995,33,4,
7,44904608,10,0,
7,44904667,37,8,
7,44904869,127,64,
7,44904974,34,25,
7,44904993,178,30,
7,44905595,64,44,
7,44905631,26,4,
7,44905808,424,218,
7,44906231,56,10,
7,44906305,448,309,
7,44906529,23,4,
7,44906662,187,63,
7,44906762,30,35,
7,44906918,118,67,
7,44907133,5,0,
7,44907358,59,32,
7,44907366,89,46,
7,44907460,28,0,
7,44907531,220,252,
7,44907569,109,72,
7,44907632,10,0,
7,44907660,153,150,
7,44908610,92,56,
7,44909133,158,63,
7,44909150,9,5,
7,44909416,6,0,
7,44909488,38,25,
7,44909692,9,0,
7,44909720,5,0,
7,44909911,7,1,
7,44910195,5,0,
7,44910393,157,149,
7,44910671,37,2,
7,44910719,82,24,
7,44910865,610,167,
7,44911069,192,229,
7,44911169,210,56,
7,44911275,19,1,
7,44911412,168,84,
7,44911423,700,429,
7,44911505,100,71,
7,44911538,90,80,
7,44911554,33,4,
7,44911560,182,98,
7,44911571,101,18,
7,44911582,26,0,
7,44911601,31,5,
7,44911653,10,1,
7,44911941,173,289,
7,44912646,178,167,
7,44912727,82,25,
7,44912861,344,446,
7,44913081,102,140,
7,44913340,309,183,
7,44913359,359,109,
7,44913663,349,142,
7,44913682,99,33,
7,44913782,6,0,
7,44913996,4,0,
7,44914040,70,67,
7,44914061,484,195,
7,44914149,155,45,
7,44914153,112,244,
7,44914176,28,11,
7,44914220,3,0,
7,44914671,37,10,
7,44914773,163,145,
7,44914980,25,24,
7,44915164,425,119,
7,44915187,209,78,
7,44915206,108,50,
7,44915220,54,11,
7,44915380,6,0,
7,44915796,94,4,
7,44915824,218,160,
7,44915993,74,29,
7,44916233,56,21,
7,44916258,3,0,
7,44916322,13,1,
7,44916509,34,5,
7,44916783,524,261,
7,44916813,253,416,
7,44916900,89,5,
7,44916908,15,1,
7,44917010,17,1,
7,44917308,199,290,
7,44917406,8,0,
7,44917450,105,30,
7,44917692,13,0,
7,44917835,272,335,
7,44917922,76,30,
7,44918060,147,142,
7,44918163,19,3,
7,44918334,6,1,
7,44918413,15,0,
7,44918708,11,17,
7,44918810,24,7,
7,44918907,17,7,
7,44919432,20,15,
7,44919647,172,66,
7,44919771,24,13,
7,44919891,473,244,
7,44919990,6,4,
7,44920344,11,0,
7,44920440,60,43,
7,44920810,7,2,
7,44920942,9,1,
7,44921040,8,0,
7,44921137,788,343,29
7,44921142,121,94,
7,44921539,7,4,
7,44921609,248,65,9
7,44921627,17,1,
7,44921780,7,0,
7,44921879,11,2,
7,44921945,160,291,
7,44921952,5,0,
7,44922020,204,86,20
7,44922210,5,0,
7,44922324,80,75,
7,44922333,27,18,
7,44922571,369,176,28
7,44922668,6,0,
7,44922682,5,0,
7,44922814,12,1,
7,44922819,104,53,
7,44922848,5,0,
7,44922859,10,2,
7,44922943,7,1,
7,44922968,48,66,
7,44923226,7,0,
7,44923284,29,13,
7,44923286,8,0,
7,44923397,6,0,
7,44923404,40,24,
7,44923426,12,0,
7,44923451,8,2,
7,44923465,263,92,8
7,44923743,21,1,
7,44923962,90,24,22
7,44924036,8,2,
7,44924055,241,154,
7,44924254,13,2,
7,44924409,71,75,
7,44924461,263,223,5
7,44924581,170,107,
7,44924594,10,3,
7,44924802,10,13,
7,44924809,9,2,
7,44925066,5,1,
7,44925089,15,5,
7,44925123,94,8,14
7,44925333,12,2,
7,44925351,20,2,
7,44925380,421,166,24
7,44925438,59,99,
7,44925466,87,74,
7,44925476,76,85,
7,44925526,12,0,
7,44925543,10,1,
7,44925597,79,23,26
7,44925716,45,20,
7,44925822,16,11,
7,44925847,89,45,
7,44925853,66,9,18
7,44925913,48,35,
7,44925966,97,54,
7,44925970,16,0,
7,44926143,16,7,
7,44926277,21,5,
7,44926414,111,9,4
7,44926430,12,5,
7,44926758,114,36,
7,44926785,54,36,15
7,44926812,12,0,
7,44926965,75,34,17
7,44926982,20,13,
7,44926990,24,12,
7,44927119,5,0,
7,44927222,20,11,
7,44927244,135,58,1
7,44927271,119,33,2
7,44927432,9,5,
7,44927450,11,3,
7,44927596,60,10,
7,44927934,260,174,10
7,44927944,17,1,
7,44927953,25,6,18
7,44928088,21,8,
7,44928497,138,77,6
7,44928632,15,3,
7,44928643,5,0,
7,44928709,20,12,
7,44928829,18,6,
7,44929260,54,18,4
7,44929478,6,2,
8,44812613,120,54,
8,44813175,87,13,
8,44819037,289,177,
8,44819917,987,789,
8,44819968,247,174,
8,44821434,286,93,
8,44821848,82,13,
8,44822637,216,205,
8,44822730,154,68,
8,44823272,98,63,
8,44823850,136,105,
8,44824088,96,14,
8,44824321,98,65,
8,44824811,50,4,
8,44825347,238,19,
8,44829185,543,128,
8,44832908,339,326,
8,44833607,112,20,
8,44833869,118,33,
8,44834570,49,36,
8,44834918,218,36,
8,44835879,1124,218,
8,44836294,331,81,
8,44836879,484,200,
8,44837124,78,32,
8,44837434,251,42,
8,44837949,136,164,
8,44838378,404,191,
8,44839496,98,50,
8,44839575,155,39,
8,44840013,1123,285,
8,44840573,151,209,
8,44840582,585,114,
8,44840654,146,36,
8,44840728,566,364,
8,44841262,494,445,
8,44841741,228,150,
8,44841891,100,233,
8,44842114,178,105,
8,44842442,86,46,
8,44843223,189,199,
8,44843586,206,111,
8,44843605,226,140,
8,44844394,183,43,
8,44844647,241,76,
8,44844733,58,34,
8,44844903,85,9,
8,44845251,191,238,
8,44845272,197,73,
8,44845787,272,125,
8,44846140,66,95,
8,44846281,779,160,
8,44846318,607,133,
8,44846781,226,54,
8,44846871,409,227,
8,44846922,429,115,
8,44847001,162,31,
8,44847334,109,21,
8,44847741,221,230,
8,44847903,71,40,
8,44848293,314,107,
8,44848782,961,409,
8,44848821,28,2,
8,44849129,266,70,
8,44849291,27,9,
8,44849834,66,91,
8,44850260,239,57,
8,44850681,355,113,
8,44850873,31,0,
8,44850913,692,240,
8,44850976,43,61,
8,44851019,169,222,
8,44851181,233,153,
8,44852058,34,12,
8,44852582,143,32,
8,44853064,347,81,
8,44853184,108,47,
8,44854171,157,104,
8,44854498,60,6,
8,44854518,368,233,
8,44854525,224,49,
8,44854686,123,52,
8,44855079,658,334,
8,44855157,465,127,
8,44855690,486,97,
8,44856046,117,53,
8,44856426,1460,493,
8,44856935,260,94,
8,44857100,95,28,
8,44857267,34,6,
8,44857643,107,107,
8,44858371,93,14,
8,44859049,279,108,
8,44859761,80,26,
8,44859849,23,4,
8,44860015,220,145,
8,44860080,139,39,
8,44860139,430,261,
8,44860732,96,21,
8,44860746,72,68,
8,44860847,147,80,
8,44860908,114,61,
8,44861106,513,270,
8,44861460,73,72,
8,44861521,228,237,
8,44861536,54,16,
8,44862414,195,55,
8,44862583,95,15,
8,44862861,84,21,
8,44863242,445,125,
8,44863409,239,69,
8,44863754,38,26,
8,44864134,1372,787,
8,44864141,30,7,
8,44864185,836,503,
8,44864192,446,746,
8,44864212,83,10,
8,44864467,96,39,
8,44864680,163,129,
8,44865290,70,46,
8,44865400,25,5,
8,44865560,1452,1115,
8,44865813,178,121,
8,44865834,121,24,
8,44865908,87,21,
8,44865997,113,41,
8,44866208,1099,850,
8,44866500,196,98,
8,44866621,115,400,
8,44867238,172,89,
8,44867374,251,42,
8,44867842,14,1,
8,44868563,41,34,
8,44869188,65,53,
8,44869448,7,0,
8,44869601,24,1,
8,44870137,213,63,
8,44870277,224,265,
8,44870445,158,105,
8,44870664,44,9,
8,44870895,198,93,
8,44870905,58,18,
8,44871093,33,1,
8,44871337,415,83,
8,44871901,137,52,
8,44872114,64,9,
8,44872313,478,322,
8,44872522,22,1,
8,44872578,47,3,
8,44872584,162,85,
8,44872948,107,36,
8,44872984,93,12,
8,44873103,21,20,
8,44873225,83,81,
8,44873341,116,42,
8,44873635,129,62,
8,44874736,139,54,
8,44874838,11,2,
8,44875109,503,273,
8,44875137,153,220,
8,44875154,25,5,
8,44875270,308,229,
8,44875388,11,10,
8,44875440,64,33,
8,44875522,18,2,
8,44875837,25,5,
8,44875847,25,1,
8,44875848,557,191,
8,44875961,374,152,
8,44875992,355,375,
8,44876075,67,143,
8,44876115,6,7,
8,44876174,44,11,
8,44876346,173,44,
8,44876356,204,61,
8,44876844,91,25,
8,44877021,168,105,
8,44877076,536,899,
8,44877201,136,64,
8,44877404,117,69,
8,44877567,6,0,
8,44878147,1311,690,
8,44878151,665,115,
8,44878257,72,24,
8,44878650,308,163,
8,44878887,16,3,
8,44878916,209,59,
8,44879746,176,271,
8,44880081,65,45,
8,44880139,206,95,
8,44880401,311,94,
8,44880777,83,90,
8,44881109,77,18,
8,44881287,145,85,
8,44881638,28,7,
8,44881977,260,119,
8,44882438,129,46,
8,44882441,145,42,
8,44882754,30,4,
8,44883256,104,65,
8,44883281,15,6,
8,44883304,579,116,
8,44883634,827,241,
8,44884077,91,52,
8,44884091,91,28,
8,44884546,65,23,
8,44884709,431,292,
8,44884857,10,1,
8,44884863,25,5,
8,44885127,36,27,22
8,44885398,763,529,
8,44885590,71,43,
8,44885821,187,185,
8,44886202,136,33,10
8,44886647,1010,323,
8,44886913,423,598,
8,44886997,275,239,
8,44887490,13,1,
8,44887643,18,8,16
8,44887744,47,1,2
8,44887853,287,235,
8,44887965,259,83,
8,44888167,80,14,
8,44888184,13,7,
8,44888210,94,30,
8,44888236,207,292,
8,44888445,315,72,
8,44888548,119,48,
8,44888847,76,61,
8,44889163,107,7,27
8,44889354,180,67,
8,44889359,116,39,
8,44889580,343,162,
8,44889627,644,349,
8,44889673,72,20,5
8,44889715,206,200,
8,44889874,43,13,
8,44889941,789,294,
8,44890012,165,78,
8,44891090,112,92,
8,44891182,115,201,
8,44891296,10,0,
8,44891302,153,30,
8,44891509,118,26,
8,44891596,19,22,7
8,44891759,380,286,
8,44892209,746,460,
8,44892254,104,85,
8,44892283,471,803,
8,44893045,44,49,
8,44893118,79,8,13
8,44893254,391,241,
8,44893522,83,41,
8,44893600,172,120,
8,44893717,77,3,
8,44894910,370,362,
8,44894983,23,2,
8,44895037,21,0,
8,44895182,32,38,
8,44895222,155,92,
8,44895270,137,77,
8,44895497,161,116,
8,44895666,7,0,24
8,44896085,254,265,
8,44896433,259,132,
8,44896489,163,44,
8,44896690,32,9,
8,44896880,14,1,
8,44897098,75,40,
8,44897271,13,6,
8,44897998,40,12,
8,44898242,141,132,
8,44898300,380,129,
8,44898560,65,20,
8,44898934,384,218,
8,44899249,15,4,
8,44899339,224,57,
8,44899415,195,128,
8,44899488,194,59,
8,44899516,69,24,25
8,44899685,319,380,
8,44899935,163,91,
8,44899999,440,338,
8,44900084,77,57,
8,44900116,825,479,
8,44900302,315,472,
8,44900340,206,177,
8,44900455,132,92,
8,44900918,8,0,
8,44901123,133,85,
8,44901330,307,134,
8,44901387,62,116,
8,44901528,71,55,
8,44901683,350,91,
8,44901853,275,75,
8,44901885,61,70,
8,44902127,411,87,
8,44902148,799,308,
8,44902227,36,14,
8,44902763,101,153,
8,44902797,1084,891,
8,44903227,13,0,
8,44903265,35,12,
8,44903331,36,7,
8,44903626,31,16,
8,44903803,919,596,
8,44903923,18,2,21
8,44903995,33,4,
8,44904608,10,0,
8,44904667,37,8,
8,44904869,127,64,
8,44904974,34,25,
8,44904993,178,30,
8,44905595,64,44,
8,44905631,26,4,
8,44905808,424,218,
8,44906231,56,10,
8,44906305,448,309,
8,44906529,23,4,
8,44906662,187,63,
8,44906762,30,35,
8,44906918,118,67,
8,44907133,5,0,
8,44907358,59,33,
8,44907366,89,46,
8,44907460,28,0,
8,44907531,220,252,
8,44907569,110,72,
8,44907632,10,0,
8,44907660,153,150,
8,44908610,92,56,
8,44909133,158,63,
8,44909150,9,5,
8,44909416,6,0,
8,44909488,38,25,
8,44909692,9,0,
8,44909720,5,0,
8,44909911,7,1,
8,44910195,5,0,
8,44910393,157,149,
8,44910671,37,2,
8,44910719,82,24,
8,44910865,612,168,
8,44911069,192,229,
8,44911169,210,56,
8,44911412,168,83,
8,44911423,703,430,
8,44911505,100,71,
8,44911538,90,80,
8,44911554,33,4,
8,44911560,182,98,
8,44911571,101,18,
8,44911582,26,0,
8,44911601,31,5,
8,44911653,10,1,
8,44911941,173,290,
8,44912646,178,167,
8,44912727,82,25,
8,44912861,345,446,
8,44913081,102,141,
8,44913340,309,183,
8,44913359,359,109,
8,44913663,349,144,
8,44913682,99,33,
8,44913782,6,0,
8,44913996,4,0,
8,44914040,70,67,
8,44914061,484,195,
8,44914149,155,46,
8,44914153,112,244,
8,44914176,28,11,
8,44914220,3,0,
8,44914671,37,10,
8,44914773,163,145,
8,44914980,25,24,
8,44915164,427,119,
8,44915187,209,78,
8,44915206,109,50,
8,44915220,54,11,
8,44915380,6,0,
8,44915796,94,5,
8,44915824,218,160,
8,44915993,74,29,
8,44916233,56,21,
8,44916258,3,0,
8,44916322,13,1,
8,44916509,35,5,
8,44916783,524,263,
8,44916813,253,417,
8,44916900,89,5,
8,44916908,15,1,
8,44917308,199,290,
8,44917406,8,0,
8,44917450,105,30,
8,44917692,13,0,
8,44917835,273,335,
8,44917922,76,30,
8,44918060,147,142,
8,44918163,19,3,
8,44918334,6,1,
8,44918413,15,0,
8,44918708,12,17,
8,44918810,24,7,
8,44918907,17,7,
8,44919432,20,15,
8,44919647,172,66,
8,44919771,24,14,
8,44919891,473,244,
8,44919990,6,4,
8,44920344,11,0,
8,44920440,60,43,
8,44920810,7,2,
8,44920942,9,1,
8,44921040,8,0,
8,44921137,792,343,
8,44921142,121,97,
8,44921609,254,66,12
8,44921627,17,1,
8,44921780,7,0,
8,44921879,11,2,
8,44921945,163,292,
8,44921952,5,0,
8,44922020,209,91,19
8,44922210,5,0,
8,44922324,80,75,
8,44922333,27,18,
8,44922571,372,177,28
8,44922668,6,0,
8,44922682,5,0,
8,44922814,12,1,
8,44922819,105,53,
8,44922848,5,0,
8,44922859,10,2,
8,44922943,7,1,
8,44922968,48,66,
8,44923226,7,0,
8,44923286,8,0,
8,44923397,6,0,
8,44923404,40,24,
8,44923426,12,0,
8,44923451,8,2,
8,44923465,271,93,11
8,44923743,21,1,
8,44923962,97,29,18
8,44924036,8,2,
8,44924055,242,154,
8,44924254,13,2,
8,44924409,72,75,
8,44924461,274,234,8
8,44924581,172,107,
8,44924594,10,3,
8,44924802,10,13,
8,44924809,9,2,
8,44925066,5,1,
8,44925089,15,5,
8,44925123,95,8,15
8,44925333,12,2,
8,44925351,21,2,
8,44925380,431,170,26
8,44925438,60,101,
8,44925466,89,75,
8,44925476,77,85,
8,44925526,12,0,
8,44925543,10,1,
8,44925597,82,23,30
8,44925716,45,20,
8,44925822,16,12,
8,44925847,90,45,
8,44925853,69,10,17
8,44925913,48,37,
8,44925966,99,54,
8,44925970,16,0,
8,44926143,16,7,
8,44926277,21,5,
8,44926414,117,9,7
8,44926430,12,5,
8,44926758,115,37,
8,44926785,61,38,16
8,44926812,12,0,
8,44926965,80,36,17
8,44926982,20,13,
8,44926990,24,12,
8,44927119,5,0,
8,44927222,20,11,
8,44927244,149,62,3
8,44927271,124,35,5
8,44927311,54,14,
8,44927432,9,5,
8,44927450,11,3,
8,44927596,62,10,
8,44927934,295,208,14
8,44927944,17,1,
8,44927953,28,8,23
8,44928088,24,9,
8,44928497,160,109,9
8,44928632,16,4,
8,44928643,6,0,
8,44928709,23,20,
8,44928829,19,7,
8,44928997,10,0,14
8,44929260,99,36,2
8,44929478,34,7,1
9,44812613,120,54,
9,44813175,87,13,
9,44819037,289,177,
9,44819917,987,789,
9,44819968,247,174,
9,44821434,286,93,
9,44821848,82,13,
9,44822637,216,205,
9,44822730,154,68,
9,44823272,98,63,
9,44823850,136,105,
9,44824088,96,14,
9,44824321,98,65,
9,44824811,50,4,
9,44825347,238,19,
9,44829185,543,128,
9,44832908,339,326,
9,44833607,112,20,
9,44833869,118,33,
9,44834570,49,36,
9,44834918,218,36,
9,44835879,1124,218,
9,44836294,331,81,
9,44836879,484,200,
9,44837124,78,32,
9,44837434,251,42,
9,44837949,136,164,
9,44838378,404,191,
9,44839496,98,50,
9,44839575,156,39,
9,44840013,1123,285,
9,44840573,151,209,
9,44840582,585,114,
9,44840654,146,36,
9,44840728,566,364,
9,44841262,494,445,
9,44841741,228,150,
9,44841891,100,233,
9,44842114,178,105,
9,44842442,86,46,
9,44843223,189,199,
9,44843586,206,111,
9,44843605,226,140,
9,44844394,183,43,
9,44844647,241,76,
9,44844733,58,34,
9,44844903,85,9,
9,44845251,191,238,
9,44845272,197,73,
9,44845787,273,125,
9,44846140,66,95,
9,44846281,779,160,
9,44846318,607,133,
9,44846781,226,54,
9,44846871,409,227,
9,44846922,429,115,
9,44847001,162,31,
9,44847334,109,21,
9,44847741,221,230,
9,44847903,71,40,
9,44848293,314,107,
9,44848782,961,409,
9,44848821,28,2,
9,44849129,266,70,
9,44849291,27,9,
9,44849834,66,91,
9,44850260,239,57,
9,44850681,355,113,
9,44850873,31,0,
9,44850913,692,240,
9,44850976,43,61,
9,44851019,169,222,
9,44851181,233,153,
9,44852058,34,12,
9,44852582,143,32,
9,44853064,347,81,
9,44853184,108,47,
9,44854171,157,104,
9,44854498,60,6,
9,44854518,368,233,
9,44854525,224,49,
9,44854686,123,52,
9,44855079,658,334,
9,44855157,465,127,
9,44855690,486,97,
9,44856046,117,53,
9,44856426,1460,493,
9,44856935,260,94,
9,44857100,95,28,
9,44857267,34,6,
9,44857643,107,107,
9,44858371,93,14,
9,44859049,279,108,
9,44859761,80,26,
9,44859849,23,4,
9,44860015,220,145,
9,44860080,139,39,
9,44860139,430,261,
9,44860732,96,21,
9,44860746,72,68,
9,44860847,147,80,
9,44860908,114,61,
9,44861106,513,270,
9,44861460,73,72,
9,44861521,228,237,
9,44861536,54,16,
9,44862414,195,55,
9,44862583,95,15,
9,44862861,84,21,
9,44863242,445,125,
9,44863409,239,69,
9,44863754,38,26,
9,44864134,1372,787,
9,44864141,30,7,
9,44864185,836,503,
9,44864192,446,746,
9,44864212,83,10,
9,44864467,96,39,
9,44864680,163,129,
9,44865290,70,46,
9,44865400,25,5,
9,44865560,1452,1115,
9,44865813,178,121,
9,44865834,121,24,
9,44865908,87,21,
9,44865997,113,41,
9,44866208,1099,850,
9,44866500,196,98,
9,44866621,115,400,
9,44867238,172,89,
9,44867374,251,42,
9,44867842,15,1,
9,44868563,41,34,
9,44869188,65,53,
9,44869448,7,0,
9,44869601,25,1,
9,44870137,213,63,
9,44870277,224,265,
9,44870445,158,105,
9,44870664,44,9,
9,44870895,198,93,
9,44870905,58,18,
9,44871093,33,1,
9,44871337,415,83,
9,44871901,137,52,
9,44872114,64,9,
9,44872313,478,322,
9,44872522,22,1,
9,44872578,47,3,
9,44872584,162,85,
9,44872948,107,36,
9,44872984,93,12,
9,44873103,21,20,
9,44873225,83,81,
9,44873341,116,42,
9,44873635,129,62,
9,44874736,139,54,
9,44874838,11,2,
9,44875109,503,273,
9,44875137,153,221,
9,44875154,25,5,
9,44875270,308,229,
9,44875388,11,10,
9,44875440,64,33,
9,44875522,18,2,
9,44875837,25,5,
9,44875847,25,1,
9,44875848,558,191,
9,44875961,374,152,
9,44875992,355,375,
9,44876075,67,143,
9,44876115,6,7,
9,44876174,45,11,
9,44876346,173,44,
9,44876356,204,61,
9,44876844,91,25,
9,44877021,168,105,
9,44877076,536,899,
9,44877201,136,64,
9,44877404,117,69,
9,44877567,6,0,
9,44878147,1311,690,
9,44878151,667,115,
9,44878257,72,24,
9,44878650,308,163,
9,44878887,16,3,
9,44878916,209,59,
9,44879746,176,271,
9,44880081,65,45,
9,44880139,206,96,
9,44880401,311,94,
9,44880777,83,90,
9,44881109,77,18,
9,44881287,145,85,
9,44881638,28,7,
9,44881977,260,119,
9,44882438,129,46,
9,44882441,145,42,
9,44882754,30,4,
9,44883256,104,66,
9,44883281,15,6,
9,44883304,579,116,
9,44883634,827,242,
9,44884077,91,52,
9,44884091,91,28,
9,44884546,65,23,
9,44884709,432,292,
9,44884857,10,1,
9,44884863,25,5,
9,44885127,38,30,22
9,44885398,763,529,
9,44885821,187,185,
9,44886202,141,33,12
9,44886647,1011,323,
9,44886913,423,598,
9,44886997,281,246,
9,44887490,13,1,
9,44887643,21,11,16
9,44887744,62,2,2
9,44887853,287,235,
9,44887965,259,83,
9,44888167,80,14,
9,44888184,13,7,
9,44888210,94,30,
9,44888236,208,292,
9,44888445,315,72,
9,44888548,120,48,
9,44888847,76,61,
9,44889163,110,7,24
9,44889354,180,67,
9,44889359,116,39,
9,44889580,343,162,
9,44889627,644,349,
9,44889673,78,24,7
9,44889715,206,200,
9,44889874,43,13,
9,44889941,790,295,
9,44890012,165,78,
9,44891090,112,92,
9,44891182,115,201,
9,44891296,10,0,
9,44891302,153,30,
9,44891509,118,26,
9,44891596,37,32,5
9,44891759,380,286,
9,44892209,747,460,
9,44892254,104,86,
9,44892283,473,807,
9,44893045,44,51,
9,44893118,84,10,15
9,44893254,391,241,
9,44893522,83,41,
9,44893600,172,120,
9,44893717,77,3,
9,44894910,370,362,
9,44894983,23,2,
9,44895037,21,0,
9,44895182,32,39,
9,44895222,155,92,
9,44895270,138,77,
9,44895497,161,116,
9,44895666,7,0,30
9,44896085,254,265,
9,44896433,259,132,
9,44896489,163,44,
9,44896690,32,9,
9,44896880,14,1,
9,44897043,6,1,18
9,44897098,75,40,
9,44897271,13,6,
9,44897998,40,12,
9,44898242,141,132,
9,44898300,380,129,
9,44898560,66,20,
9,44898934,384,218,
9,44899249,15,4,
9,44899339,224,57,
9,44899415,195,128,
9,44899488,194,59,
9,44899516,70,25,28
9,44899685,319,380,
9,44899935,163,91,
9,44899999,440,338,
9,44900084,77,57,
9,44900116,826,479,
9,44900302,315,472,
9,44900340,206,177,
9,44900455,132,92,
9,44900918,8,0,
9,44901330,307,134,
9,44901387,62,116,
9,44901528,71,55,
9,44901683,350,91,
9,44901853,275,75,
9,44901885,61,70,
9,44902127,411,87,
9,44902148,799,308,
9,44902227,36,14,
9,44902763,101,153,
9,44902797,1084,891,
9,44903227,13,0,
9,44903265,35,12,
9,44903331,36,7,
9,44903626,31,16,
9,44903803,920,599,
9,44903923,21,2,25
9,44903995,33,4,
9,44904608,10,0,
9,44904667,37,8,
9,44904869,127,64,
9,44904974,35,25,
9,44904993,178,30,
9,44905595,64,44,
9,44905631,26,4,
9,44905808,424,219,
9,44906231,56,10,
9,44906305,448,309,
9,44906529,23,4,
9,44906662,187,63,
9,44906762,30,35,
9,44906918,118,67,
9,44907133,5,0,
9,44907358,59,34,
9,44907366,89,46,
9,44907460,28,0,
9,44907531,220,254,
9,44907569,110,72,
9,44907632,10,0,
9,44907660,153,150,
9,44908610,92,56,
9,44909133,158,63,
9,44909150,9,5,
9,44909416,6,0,
9,44909488,38,25,
9,44909692,9,0,
9,44909720,5,0,
9,44909911,7,1,
9,44910195,5,0,
9,44910393,157,149,
9,44910671,37,3,
9,44910719,82,24,
9,44910865,613,168,
9,44911069,192,229,
9,44911169,211,56,
9,44911412,168,83,
9,44911423,703,430,
9,44911505,101,72,
9,44911538,90,80,
9,44911554,33,4,
9,44911560,182,98,
9,44911571,101,18,
9,44911582,26,0,
9,44911601,31,5,
9,44911653,10,1,
9,44911941,173,290,
9,44912646,178,167,
9,44912727,82,25,
9,44912861,345,447,
9,44913081,102,141,
9,44913340,309,183,
9,44913359,359,109,
9,44913663,350,144,
9,44913682,99,33,
9,44913782,6,0,
9,44913996,4,0,
9,44914040,70,67,
9,44914061,485,195,
9,44914149,155,46,
9,44914153,112,244,
9,44914176,28,11,
9,44914220,3,0,
9,44914671,37,10,
9,44914773,163,145,
9,44914980,25,24,
9,44915164,427,119,
9,44915187,209,78,
9,44915206,109,50,
9,44915220,54,11,
9,44915380,6,0,
9,44915796,95,5,
9,44915824,218,160,
9,44915993,74,29,
9,44916233,56,21,
9,44916258,3,0,
9,44916322,13,1,
9,44916509,35,5,
9,44916783,526,263,
9,44916813,253,417,
9,44916900,89,5,
9,44916908,15,1,
9,44917308,199,290,
9,44917406,8,0,
9,44917450,105,30,
9,44917692,13,0,
9,44917835,273,335,
9,44917922,76,30,
9,44918060,147,143,
9,44918163,19,3,
9,44918334,6,1,
9,44918413,15,0,
9,44918708,12,17,
9,44918810,24,7,
9,44918907,17,7,
9,44919432,20,15,
9,44919647,172,66,
9,44919771,24,14,
9,44919891,474,244,
9,44919990,6,4,
9,44920344,11,0,
9,44920810,7,2,
9,44920942,9,1,
9,44921040,8,0,
9,44921137,802,344,
9,44921142,121,97,
9,44921609,258,67,14
9,44921627,17,1,
9,44921780,7,0,
9,44921879,11,2,
9,44921945,163,292,
9,44921952,5,0,
9,44922020,217,92,20
9,44922210,5,0,
9,44922324,80,75,
9,44922333,27,18,
9,44922571,376,179,29
9,44922668,6,0,
9,44922682,5,0,
9,44922814,12,1,
9,44922819,105,53,
9,44922848,5,0,
9,44922859,10,2,
9,44922897,27,8,
9,44922943,7,1,
9,44922968,48,66,
9,44923226,7,0,
9,44923286,8,0,
9,44923397,6,0,
9,44923404,40,24,
9,44923426,12,0,
9,44923451,8,2,
9,44923465,277,98,13
9,44923743,21,2,
9,44923962,97,31,
9,44924036,8,2,
9,44924055,245,154,
9,44924254,13,2,
9,44924409,72,75,
9,44924461,282,243,8
9,44924581,173,107,
9,44924594,10,3,
9,44924802,10,13,
9,44924809,9,2,
9,44925066,5,1,
9,44925089,15,5,
9,44925123,96,8,19
9,44925333,12,2,
9,44925351,21,2,
9,44925380,441,172,27
9,44925438,60,102,
9,44925466,90,78,
9,44925476,78,86,
9,44925526,12,0,
9,44925543,10,1,
9,44925597,82,23,
9,44925716,45,20,
9,44925822,16,12,
9,44925847,90,46,
9,44925853,75,11,21
9,44925913,49,37,
9,44925966,102,55,
9,44925970,16,0,
9,44926143,16,7,
9,44926277,21,5,
9,44926414,120,10,9
9,44926430,12,5,
9,44926758,119,39,
9,44926785,61,40,17
9,44926965,86,41,18
9,44926982,20,13,
9,44926990,24,12,
9,44927119,5,0,
9,44927222,21,11,
9,44927244,155,70,4
9,44927271,133,37,6
9,44927311,63,16,
9,44927432,9,5,
9,44927450,11,3,
9,44927596,62,10,
9,44927934,311,228,26
9,44927944,17,1,
9,44927953,34,8,23
9,44928088,27,9,
9,44928497,178,130,11
9,44928632,17,4,
9,44928643,6,0,
9,44928709,24,28,
9,44928829,20,8,
9,44928997,25,4,5
9,44929260,137,54,3
9,44929424,4,0,12
9,44929478,58,13,1
9,44929986,63,31,1
9,44930222,13,1,3
10,44812613,120,54,
10,44813175,87,13,
10,44819037,289,177,
10,44819917,987,789,
10,44819968,247,174,
10,44821434,286,93,
10,44821848,82,13,
10,44822637,216,205,
10,44822730,154,68,
10,44823272,98,63,
10,44823850,136,105,
10,44824088,96,14,
10,44824321,98,65,
10,44824811,50,4,
10,44825347,238,19,
10,44832908,339,326,
10,44833607,112,20,
10,44833869,118,33,
10,44834570,49,36,
10,44834918,218,36,
10,44835879,1124,218,
10,44836294,331,81,
10,44836879,484,200,
10,44837124,78,32,
10,44837434,251,42,
10,44837949,136,164,
10,44838378,404,191,
10,44839496,98,50,
10,44839575,156,39,
10,44840013,1123,285,
10,44840573,151,209,
10,44840582,585,114,
10,44840654,146,36,
10,44841262,494,445,
10,44841741,228,150,
10,44841891,100,233,
10,44842114,178,105,
10,44842442,86,46,
10,44843223,189,199,
10,44843586,206,111,
10,44843605,226,140,
10,44844394,183,43,
10,44844647,241,76,
10,44844733,58,34,
10,44844903,85,9,
10,44845251,191,238,
10,44845272,197,73,
10,44845787,273,125,
10,44846140,66,95,
10,44846281,779,160,
10,44846318,607,133,
10,44846781,226,54,
10,44846871,409,227,
10,44846922,429,115,
10,44847001,162,31,
10,44847334,109,21,
10,44847741,221,230,
10,44847903,71,40,
10,44848293,314,107,
10,44848782,961,409,
10,44848821,28,2,
10,44849129,266,70,
10,44849291,27,9,
10,44849834,66,91,
10,44850260,239,57,
10,44850681,355,113,
10,44850873,31,0,
10,44850913,692,240,
10,44850976,43,61,
10,44851019,169,222,
10,44851181,233,153,
10,44852058,34,12,
10,44852582,143,32,
10,44853064,347,81,
10,44853184,108,47,
10,44854171,157,104,
10,44854498,60,6,
10,44854518,368,233,
10,44854525,224,49,
10,44854686,123,52,
10,44855079,658,334,
10,44855157,465,127,
10,44855690,486,97,
10,44856046,117,53,
10,44856426,1460,493,
10,44856935,260,94,
10,44857100,95,28,
10,44857267,34,6,
10,44857643,107,107,
10,44858371,93,14,
10,44859049,279,108,
10,44859761,80,26,
10,44859849,23,4,
10,44860015,220,145,
10,44860080,139,39,
10,44860139,430,261,
10,44860732,96,21,
10,44860746,72,68,
10,44860847,147,80,
10,44860908,114,61,
10,44861106,513,270,
10,44861460,73,72,
10,44861521,228,237,
10,44861536,54,16,
10,44862414,195,55,
10,44862583,95,15,
10,44862861,84,21,
10,44863242,445,125,
10,44863409,239,69,
10,44863754,38,26,
10,44864134,1373,789,
10,44864141,30,7,
10,44864185,836,503,
10,44864192,446,746,
10,44864212,83,10,
10,44864467,96,39,
10,44864680,163,129,
10,44865290,70,46,
10,44865400,25,5,
10,44865560,1452,1115,
10,44865813,178,121,
10,44865834,121,24,
10,44865908,87,21,
10,44865997,113,41,
10,44866208,1099,850,
10,44866500,196,98,
10,44866621,115,400,
10,44867238,172,89,
10,44867374,251,42,
10,44867842,15,1,
10,44868563,41,34,
10,44869188,65,53,
10,44869448,7,0,
10,44869601,25,1,
10,44870137,213,63,
10,44870277,224,265,
10,44870445,158,105,
10,44870664,44,9,
10,44870895,198,93,
10,44870905,58,18,
10,44871093,33,1,
10,44871337,415,83,
10,44871901,137,52,
10,44872114,64,9,
10,44872313,478,322,
10,44872522,22,1,
10,44872578,47,3,
10,44872584,162,85,
10,44872948,107,36,
10,44872984,93,12,
10,44873103,21,20,
10,44873225,83,81,
10,44873341,116,42,
10,44873635,129,62,
10,44874736,139,54,
10,44874838,11,2,
10,44875109,503,273,
10,44875137,153,221,
10,44875154,25,5,
10,44875270,308,229,
10,44875388,11,10,
10,44875440,64,33,
10,44875522,18,2,
10,44875837,25,5,
10,44875847,25,1,
10,44875848,558,191,
10,44875961,374,152,
10,44875992,355,375,
10,44876075,67,143,
10,44876115,6,7,
10,44876174,45,11,
10,44876346,173,44,
10,44876356,204,62,
10,44876844,91,25,
10,44877021,168,105,
10,44877076,536,899,
10,44877201,137,64,
10,44877404,117,69,
10,44877567,6,0,
10,44878147,1311,690,
10,44878151,667,115,
10,44878257,72,24,
10,44878650,308,163,
10,44878887,16,3,
10,44878916,209,59,
10,44879746,176,271,
10,44880081,65,45,
10,44880139,206,96,
10,44880401,311,94,
10,44880777,83,90,
10,44881109,77,18,
10,44881287,145,85,
10,44881638,28,7,
10,44881977,260,119,
10,44882438,129,46,
10,44882441,145,42,
10,44882754,30,4,
10,44883256,105,66,
10,44883281,15,6,
10,44883304,579,116,
10,44883634,827,242,
10,44884077,91,52,
10,44884091,91,28,
10,44884546,65,23,
10,44884709,432,292,
10,44884857,10,1,
10,44884863,25,5,
10,44885127,40,33,24
10,44885398,763,529,
10,44885821,187,185,
10,44886202,144,33,12
10,44886647,1011,323,
10,44886913,423,598,
10,44886997,284,250,
10,44887490,13,1,
10,44887643,26,11,16
10,44887744,70,2,2
10,44887853,287,235,
10,44887965,259,83,
10,44888167,80,14,
10,44888184,13,7,
10,44888210,94,30,
10,44888236,208,292,
10,44888445,315,72,
10,44888548,120,48,
10,44888847,76,61,
10,44889163,111,7,25
10,44889354,180,67,
10,44889359,116,39,
10,44889580,343,162,
10,44889627,644,349,
10,44889673,79,29,9
10,44889715,206,200,
10,44889874,43,13,
10,44889941,790,295,
10,44890012,165,78,
10,44891090,112,92,
10,44891182,115,201,
10,44891296,10,0,
10,44891302,153,30,
10,44891509,118,26,
10,44891596,47,42,5
10,44891759,380,285,
10,44892209,748,460,
10,44892254,104,86,
10,44892283,473,809,
10,44893045,44,51,
10,44893118,90,11,15
10,44893254,391,241,
10,44893522,83,41,
10,44893600,172,120,
10,44893717,77,3,
10,44894910,370,362,
10,44894983,23,2,
10,44895037,21,0,
10,44895182,32,39,
10,44895222,155,92,
10,44895270,138,77,
10,44895497,161,116,
10,44895666,8,0,
10,44896085,254,265,
10,44896433,259,132,
10,44896489,163,44,
10,44896690,32,9,
10,44896880,14,1,
10,44897043,7,2,19
10,44897098,75,40,
10,44897271,13,6,
10,44897998,40,12,
10,44898242,141,132,
10,44898300,380,129,
10,44898560,66,20,
10,44898934,384,218,
10,44899249,15,4,
10,44899339,224,57,
10,44899415,195,128,
10,44899488,194,59,
10,44899516,70,25,27
10,44899685,319,380,
10,44899935,163,91,
10,44899999,441,338,
10,44900084,77,57,
10,44900116,826,479,
10,44900302,315,472,
10,44900340,206,177,
10,44900455,132,92,
10,44900918,8,0,
10,44901330,307,134,
10,44901387,62,116,
10,44901528,71,55,
10,44901683,350,91,
10,44901853,275,75,
10,44901885,61,70,
10,44902127,411,87,
10,44902148,799,308,
10,44902227,36,14,
10,44902763,101,153,
10,44902797,1084,891,
10,44903227,13,0,
10,44903265,35,12,
10,44903331,36,7,
10,44903626,31,16,
10,44903803,920,599,
10,44903923,23,3,23
10,44903995,33,4,
10,44904608,10,0,
10,44904667,37,8,
10,44904869,127,64,
10,44904974,35,25,
10,44904993,178,30,
10,44905595,64,44,
10,44905631,26,4,
10,44905808,424,219,
10,44906231,56,10,
10,44906305,448,309,
10,44906529,23,4,
10,44906662,187,63,
10,44906762,30,35,
10,44906918,118,67,
10,44907133,5,0,
10,44907358,59,34,
10,44907366,89,46,
10,44907460,28,0,
10,44907531,220,254,
10,44907569,110,72,
10,44907632,10,0,
10,44907660,153,150,
10,44908610,92,56,
10,44909133,158,63,
10,44909150,9,5,
10,44909416,6,0,
10,44909488,38,25,
10,44909692,9,0,
10,44909720,5,0,
10,44909911,7,1,
10,44910195,5,0,
10,44910393,157,149,
10,44910671,37,3,
10,44910719,82,24,
10,44910865,613,168,
10,44911069,192,230,
10,44911169,211,56,
10,44911412,169,83,
10,44911423,704,430,
10,44911505,101,72,
10,44911538,90,80,
10,44911554,33,4,
10,44911560,182,98,
10,44911571,101,18,
10,44911582,26,0,
10,44911601,31,5,
10,44911653,10,1,
10,44911941,173,290,
10,44912646,178,167,
10,44912727,82,25,
10,44912861,345,447,
10,44913081,103,141,
10,44913340,309,185,
10,44913359,359,109,
10,44913663,350,144,
10,44913682,99,33,
10,44913782,6,0,
10,44913996,4,0,
10,44914040,70,67,
10,44914061,486,196,
10,44914149,155,46,
10,44914153,112,244,
10,44914176,28,11,
10,44914220,3,0,
10,44914671,37,10,
10,44914773,163,145,
10,44914980,25,24,
10,44915164,428,119,
10,44915187,209,78,
10,44915206,109,51,
10,44915220,54,11,
10,44915380,6,0,
10,44915796,95,5,
10,44915824,218,160,
10,44915993,74,29,
10,44916233,56,21,
10,44916258,3,0,
10,44916322,13,1,
10,44916509,35,5,
10,44916783,528,266,
10,44916813,253,417,
10,44916900,89,5,
10,44916908,15,1,
10,44917308,201,290,
10,44917406,8,0,
10,44917450,105,30,
10,44917692,13,0,
10,44917835,273,335,
10,44917922,76,30,
10,44918060,147,144,
10,44918163,19,3,
10,44918334,6,1,
10,44918413,15,0,
10,44918708,12,17,
10,44918810,24,7,
10,44918907,17,7,
10,44919432,20,15,
10,44919647,173,67,
10,44919771,24,14,
10,44919891,475,245,
10,44919990,6,4,
10,44920344,11,0,
10,44920440,62,43,
10,44920810,7,2,
10,44920942,9,1,
10,44921040,8,0,
10,44921137,804,345,
10,44921142,121,99,
10,44921609,262,67,13
10,44921627,17,1,
10,44921780,7,0,
10,44921879,12,2,
10,44921945,164,292,
10,44921952,5,0,
10,44922020,223,93,20
10,44922324,80,75,
10,44922333,27,18,
10,44922383,13,1,5
10,44922571,382,181,29
10,44922668,6,0,
10,44922682,5,0,
10,44922814,12,1,
10,44922819,105,53,
10,44922848,5,0,
10,44922859,10,2,
10,44922897,27,8,
10,44922943,7,1,
10,44922968,48,66,
10,44923226,7,0,
10,44923286,8,0,
10,44923397,6,0,
10,44923404,40,24,
10,44923426,12,0,
10,44923451,8,2,
10,44923465,287,102,14
10,44923743,21,2,
10,44923962,98,32,
10,44924036,8,2,
10,44924055,245,155,
10,44924254,13,2,
10,44924409,72,76,
10,44924461,294,251,10
10,44924581,173,107,
10,44924594,10,3,
10,44924802,10,13,
10,44924809,9,2,
10,44925066,5,1,
10,44925089,15,5,
10,44925123,98,8,21
10,44925333,14,2,
10,44925351,21,2,
10,44925380,448,179,28
10,44925438,61,102,
10,44925466,90,83,
10,44925476,78,86,
10,44925526,12,0,
10,44925543,10,1,
10,44925597,83,23,
10,44925716,45,20,
10,44925822,16,12,
10,44925847,90,46,
10,44925853,79,14,19
10,44925913,49,37,
10,44925966,102,56,
10,44925970,16,0,
10,44926143,16,7,
10,44926277,21,5,
10,44926414,122,10,11
10,44926430,12,5,
10,44926758,121,40,
10,44926785,63,42,26
10,44926965,92,51,18
10,44926982,20,13,
10,44926990,25,12,
10,44927119,5,0,
10,44927222,21,11,
10,44927244,159,76,6
10,44927271,139,41,7
10,44927311,64,15,
10,44927432,9,5,
10,44927450,11,3,
10,44927596,63,10,
10,44927934,318,249,
10,44927944,17,1,
10,44927953,37,8,28
10,44928088,29,10,
10,44928497,191,145,17
10,44928632,19,4,
10,44928643,6,0,
10,44928709,28,41,
10,44928786,4,0,
10,44928829,20,8,
10,44928997,34,6,6
10,44929260,166,77,4
10,44929424,11,2,18
10,44929478,71,16,1
10,44929630,14,6,
10,44930044,3,0,
10,44930186,12,8,3
10,44930222,40,49,1
11,44812613,120,54,
11,44813175,87,13,
11,44819037,289,177,
11,44819917,987,789,
11,44819968,247,174,
11,44821434,286,93,
11,44821848,82,13,
11,44822637,216,205,
11,44822730,154,68,
11,44823272,98,63,
11,44823850,136,105,
11,44824088,96,14,
11,44824321,98,65,
11,44824811,50,4,
11,44825347,238,19,
11,44833607,112,20,
11,44833869,119,33,
11,44834570,49,36,
11,44834918,218,36,
11,44835879,1124,218,
11,44836294,331,81,
11,44836879,484,200,
11,44837124,78,32,
11,44837434,251,42,
11,44837949,136,164,
11,44838378,404,191,
11,44839496,98,50,
11,44839575,156,39,
11,44840013,1123,285,
11,44840573,151,209,
11,44840582,585,114,
11,44840654,146,36,
11,44841262,494,446,
11,44841741,228,150,
11,44841891,100,233,
11,44842114,178,105,
11,44842442,86,46,
11,44843223,189,199,
11,44843586,206,111,
11,44843605,226,140,
11,44844394,183,43,
11,44844647,241,76,
11,44844733,58,34,
11,44844903,85,9,
11,44845251,191,238,
11,44845272,197,73,
11,44845787,273,125,
11,44846140,66,95,
11,44846281,779,160,
11,44846318,607,133,
11,44846781,226,54,
11,44846871,409,227,
11,44846922,429,115,
11,44847001,162,31,
11,44847334,109,21,
11,44847741,221,230,
11,44847903,71,40,
11,44848293,314,107,
11,44848782,961,410,
11,44848821,28,2,
11,44849129,266,70,
11,44849834,66,91,
11,44850260,239,57,
11,44850681,355,113,
11,44850873,31,0,
11,44850913,692,240,
11,44850976,44,61,
11,44851019,169,222,
11,44851181,233,153,
11,44852058,34,12,
11,44852582,143,32,
11,44853064,347,81,
11,44853184,108,47,
11,44854171,157,104,
11,44854498,60,6,
11,44854518,368,233,
11,44854525,224,49,
11,44854686,123,52,
11,44855079,658,334,
11,44855157,465,127,
11,44855690,486,97,
11,44856046,117,53,
11,44856426,1462,493,
11,44856935,260,94,
11,44857100,95,28,
11,44857267,34,6,
11,44857643,107,107,
11,44858371,93,14,
11,44859049,279,108,
11,44859761,80,26,
11,44859849,23,4,
11,44860015,220,145,
11,44860080,139,39,
11,44860139,430,261,
11,44860732,96,21,
11,44860746,72,68,
11,44860847,147,80,
11,44860908,114,61,
11,44861106,513,270,
11,44861460,73,72,
11,44861521,228,237,
11,44861536,54,16,
11,44862414,195,55,
11,44862583,95,15,
11,44862861,84,21,
11,44863242,445,125,
11,44863409,239,69,
11,44863754,38,26,
11,44864134,1373,789,
11,44864141,30,7,
11,44864185,836,503,
11,44864192,446,746,
11,44864212,83,10,
11,44864467,96,39,
11,44864680,163,129,
11,44865290,70,46,
11,44865400,25,5,
11,44865560,1453,1115,
11,44865813,178,121,
11,44865834,121,24,
11,44865908,87,21,
11,44865997,113,41,
11,44866208,1099,850,
11,44866500,196,98,
11,44866621,115,400,
11,44867238,172,89,
11,44867374,251,42,
11,44867842,15,1,
11,44868563,41,34,
11,44869188,65,53,
11,44869448,7,0,
11,44869601,25,1,
11,44870137,213,63,
11,44870277,224,265,
11,44870445,158,105,
11,44870664,44,9,
11,44870895,198,93,
11,44870905,58,18,
11,44871093,33,1,
11,44871337,415,83,
11,44871901,137,52,
11,44872114,64,9,
11,44872313,478,322,
11,44872522,22,1,
11,44872578,47,3,
11,44872584,162,85,
11,44872948,107,36,
11,44872984,93,12,
11,44873103,21,20,
11,44873225,83,81,
11,44873341,116,42,
11,44873635,129,62,
11,44874736,139,54,
11,44874838,11,2,
11,44875109,503,273,
11,44875137,153,221,
11,44875154,25,5,
11,44875270,308,229,
11,44875388,11,10,
11,44875440,64,33,
11,44875522,18,2,
11,44875837,25,5,
11,44875847,25,1,
11,44875848,558,191,
11,44875961,374,152,
11,44875992,355,375,
11,44876075,67,143,
11,44876174,45,11,
11,44876346,173,44,
11,44876356,204,62,
11,44876844,91,25,
11,44877021,168,105,
11,44877076,536,899,
11,44877201,137,64,
11,44877404,117,69,
11,44877567,6,0,
11,44878147,1311,690,
11,44878151,667,115,
11,44878257,72,24,
11,44878650,308,163,
11,44878887,16,3,
11,44878916,209,59,
11,44880081,65,45,
11,44880139,206,96,
11,44880401,311,94,
11,44880777,83,90,
11,44881109,77,18,
11,44881287,145,85,
11,44881638,28,7,
11,44881977,260,119,
11,44882438,129,46,
11,44882441,145,42,
11,44882754,30,4,
11,44883256,105,68,
11,44883281,15,6,
11,44883304,579,116,
11,44883634,828,243,
11,44884077,92,52,
11,44884091,91,28,
11,44884546,65,23,
11,44884709,432,292,
11,44884857,11,1,
11,44884863,25,5,
11,44885127,42,40,24
11,44885398,763,529,
11,44885821,187,185,
11,44886202,145,33,13
11,44886647,1013,323,
11,44886913,423,599,
11,44886997,288,258,
11,44887490,13,1,
11,44887643,31,11,16
11,44887744,78,6,4
11,44887853,287,235,
11,44887965,259,83,
11,44888167,80,14,
11,44888184,13,7,
11,44888210,94,30,
11,44888236,208,293,
11,44888445,315,72,
11,44888548,120,48,
11,44888847,76,61,
11,44889163,111,7,23
11,44889354,180,67,
11,44889359,116,39,
11,44889580,343,162,
11,44889627,645,351,
11,44889673,83,30,9
11,44889715,206,200,
11,44889874,43,13,
11,44889941,790,295,
11,44890012,165,78,
11,44891090,112,92,
11,44891182,115,201,
11,44891296,10,0,
11,44891302,153,30,
11,44891509,118,26,
11,44891596,47,43,
11,44891759,380,285,
11,44892209,748,460,
11,44892254,104,86,
11,44892283,474,814,
11,44893045,44,52,
11,44893118,95,11,15
11,44893254,391,241,
11,44893522,83,41,
11,44893600,172,120,
11,44893717,77,3,
11,44894910,370,362,
11,44894983,23,2,
11,44895037,21,0,
11,44895182,32,39,
11,44895222,155,92,
11,44895270,138,77,
11,44895497,161,116,
11,44895666,8,0,
11,44896085,254,265,
11,44896433,260,134,
11,44896489,163,44,
11,44896529,3,0,17
11,44896690,32,9,
11,44896880,14,1,
11,44897043,9,2,20
11,44897098,75,40,
11,44897271,13,6,
11,44897998,40,12,
11,44898242,141,132,
11,44898300,380,129,
11,44898560,66,21,
11,44898934,384,218,
11,44899249,15,4,
11,44899339,224,57,
11,44899415,195,128,
11,44899488,194,59,
11,44899516,72,26,29
11,44899685,319,380,
11,44899935,163,91,
11,44899999,441,338,
11,44900084,77,57,
11,44900116,826,480,
11,44900302,315,474,
11,44900340,206,177,
11,44900455,132,92,
11,44900918,8,0,
11,44901330,307,134,
11,44901387,62,116,
11,44901528,71,55,
11,44901683,350,91,
11,44901853,275,75,
11,44901885,61,70,
11,44902127,411,87,
11,44902148,799,308,
11,44902227,36,14,
11,44902763,101,154,
11,44902797,1085,891,
11,44903227,13,0,
11,44903265,35,12,
11,44903331,36,7,
11,44903626,31,16,
11,44903803,920,599,
11,44903923,25,5,25
11,44903995,33,4,
11,44904608,10,0,
11,44904667,37,8,
11,44904869,127,64,
11,44904974,35,25,
11,44904993,178,30,
11,44905595,64,44,
11,44905631,26,4,
11,44905808,424,220,
11,44906231,56,10,
11,44906305,448,309,
11,44906529,23,4,
11,44906662,187,63,
11,44906762,30,35,
11,44906918,118,67,
11,44907133,5,0,
11,44907358,60,34,
11,44907366,89,46,
11,44907460,28,0,
11,44907531,220,257,
11,44907569,110,72,
11,44907632,10,0,
11,44907660,153,150,
11,44908610,92,56,
11,44909133,158,63,
11,44909150,9,5,
11,44909416,6,0,
11,44909488,38,25,
11,44909692,9,0,
11,44909720,5,0,
11,44909911,7,1,
11,44910195,5,0,
11,44910393,157,149,
11,44910671,37,5,
11,44910719,82,24,
11,44910865,613,170,
11,44911069,192,230,
11,44911169,211,56,
11,44911412,169,83,
11,44911423,704,431,
11,44911505,101,72,
11,44911538,90,80,
11,44911554,33,4,
11,44911560,182,98,
11,44911571,101,18,
11,44911582,26,0,
11,44911601,31,5,
11,44911653,10,1,
11,44911941,173,292,
11,44912646,178,167,
11,44912727,82,25,
11,44912861,345,447,
11,44913081,103,143,
11,44913340,309,185,
11,44913359,359,108,
11,44913663,350,144,
11,44913682,99,33,
11,44913782,6,0,
11,44913996,4,0,
11,44914040,70,67,
11,44914061,486,196,
11,44914149,155,46,
11,44914153,112,244,
11,44914176,28,11,
11,44914220,3,0,
11,44914671,37,10,
11,44914773,164,145,
11,44914980,25,24,
11,44915164,428,119,
11,44915187,209,78,
11,44915206,109,51,
11,44915220,54,11,
11,44915380,6,0,
11,44915796,95,5,
11,44915824,218,161,
11,44915993,74,29,
11,44916233,56,21,
11,44916258,3,0,
11,44916322,13,1,
11,44916509,35,5,
11,44916783,528,266,
11,44916813,253,417,
11,44916900,89,5,
11,44916908,15,1,
11,44917308,201,291,
11,44917406,8,0,
11,44917450,106,31,
11,44917692,13,0,
11,44917835,273,335,
11,44917922,76,30,
11,44918060,147,144,
11,44918163,19,3,
11,44918334,6,1,
11,44918413,15,0,
11,44918708,12,17,
11,44918810,24,7,
11,44918907,17,7,
11,44919432,20,15,
11,44919647,173,67,
11,44919771,24,14,
11,44919891,475,246,
11,44919990,6,4,
11,44920344,11,0,
11,44920440,62,43,
11,44920810,7,2,
11,44920942,9,1,
11,44921040,8,0,
11,44921137,809,346,
11,44921142,122,99,
11,44921609,268,69,14
11,44921627,17,1,
11,44921780,7,0,
11,44921879,12,2,
11,44921945,166,295,
11,44921952,5,0,
11,44922020,226,96,19
11,44922324,80,75,
11,44922383,36,7,3
11,44922571,387,181,26
11,44922668,6,0,
11,44922682,5,0,
11,44922814,12,1,
11,44922819,105,53,
11,44922848,5,0,
11,44922859,10,2,
11,44922897,27,8,
11,44922943,7,1,
11,44923226,7,0,
11,44923286,8,0,
11,44923397,6,0,
11,44923404,40,24,
11,44923426,13,0,
11,44923451,8,2,
11,44923465,298,106,12
11,44923743,21,2,
11,44923962,100,32,
11,44924036,8,2,
11,44924055,246,155,
11,44924254,13,2,
11,44924409,72,76,
11,44924461,303,263,10
11,44924581,174,107,
11,44924594,10,3,
11,44924802,10,13,
11,44924809,9,2,
11,44925066,5,1,
11,44925089,15,5,
11,44925123,105,8,21
11,44925333,14,2,
11,44925351,21,2,
11,44925380,452,180,27
11,44925438,62,103,
11,44925466,91,84,
11,44925476,78,86,
11,44925526,12,0,
11,44925543,10,1,
11,44925597,86,23,
11,44925716,45,20,
11,44925822,16,12,
11,44925847,90,47,
11,44925853,84,14,18
11,44925913,50,37,
11,44925966,102,56,
11,44925970,16,0,
11,44926143,16,7,
11,44926277,22,5,
11,44926414,125,12,11
11,44926430,12,5,
11,44926758,124,41,
11,44926785,64,43,
11,44926965,96,54,20
11,44926982,21,14,
11,44926990,25,12,
11,44927119,5,0,
11,44927222,21,11,
11,44927244,166,78,6
11,44927271,141,46,8
11,44927432,9,5,
11,44927450,11,3,
11,44927596,63,10,
11,44927934,324,258,
11,44927944,18,1,
11,44927953,40,8,
11,44928088,32,12,
11,44928224,3,0,
11,44928497,208,155,28
11,44928543,3,1,
11,44928632,21,8,
11,44928643,7,0,
11,44928709,28,45,
11,44928786,6,0,
11,44928829,20,8,
11,44928893,4,1,
11,44928997,53,7,7
11,44929260,191,93,5
11,44929424,27,6,7
11,44929478,90,18,1
11,44929630,24,9,
11,44929922,3,0,
11,44930044,8,0,
11,44930111,7,0,5
11,44930186,62,52,1
11,44930222,43,69,22
11,44930808,19,1,2
12,44812613,120,54,
12,44813175,87,13,
12,44819037,289,177,
12,44819917,987,789,
12,44819968,247,174,
12,44821434,286,93,
12,44821848,82,13,
12,44822637,216,205,
12,44822730,154,68,
12,44823272,98,63,
12,44823850,136,105,
12,44824088,96,14,
12,44824321,98,65,
12,44824811,50,4,
12,44825347,238,19,
12,44833607,112,20,
12,44833869,119,33,
12,44834570,49,36,
12,44834918,218,36,
12,44835879,1124,218,
12,44836294,331,81,
12,44836879,484,200,
12,44837124,78,32,
12,44837434,251,42,
12,44837949,136,164,
12,44838378,404,191,
12,44839496,98,50,
12,44839575,156,39,
12,44840013,1123,285,
12,44840573,151,209,
12,44840582,585,114,
12,44840654,146,36,
12,44841262,494,446,
12,44841741,228,150,
12,44841891,100,233,
12,44842114,178,105,
12,44842442,86,46,
12,44843223,189,199,
12,44843586,206,111,
12,44843605,226,140,
12,44844394,183,43,
12,44844647,241,76,
12,44844733,58,34,
12,44844903,85,9,
12,44845251,191,238,
12,44845272,197,73,
12,44845787,273,125,
12,44846140,66,95,
12,44846281,779,160,
12,44846318,607,133,
12,44846781,226,54,
12,44846871,409,227,
12,44846922,429,115,
12,44847001,162,31,
12,44847334,109,21,
12,44847741,221,230,
12,44847903,71,40,
12,44848293,314,107,
12,44848782,961,410,
12,44848821,28,2,
12,44849129,266,70,
12,44849834,66,91,
12,44850260,239,57,
12,44850681,355,113,
12,44850873,31,0,
12,44850913,693,240,
12,44850976,44,61,
12,44851019,169,222,
12,44851181,233,153,
12,44852058,34,12,
12,44852582,143,32,
12,44853064,347,81,
12,44853184,108,47,
12,44854171,157,104,
12,44854498,60,6,
12,44854518,368,233,
12,44854686,123,52,
12,44855079,658,334,
12,44855157,465,127,
12,44855690,486,97,
12,44856046,117,53,
12,44856426,1462,493,
12,44856935,260,94,
12,44857100,95,28,
12,44857267,34,6,
12,44857643,107,107,
12,44858371,93,14,
12,44859049,279,108,
12,44859761,80,26,
12,44859849,23,4,
12,44860015,220,145,
12,44860080,139,39,
12,44860139,430,261,
12,44860732,96,21,
12,44860746,72,68,
12,44860847,147,80,
12,44860908,114,61,
12,44861106,513,270,
12,44861460,73,72,
12,44861521,228,237,
12,44861536,54,16,
12,44862414,195,55,
12,44862583,95,15,
12,44862861,84,21,
12,44863242,445,125,
12,44863409,239,69,
12,44863754,38,26,
12,44864134,1373,789,
12,44864141,30,7,
12,44864185,837,503,
12,44864192,446,746,
12,44864212,84,10,
12,44864467,96,39,
12,44864680,163,129,
12,44865290,70,46,
12,44865400,25,5,
12,44865560,1453,1115,
12,44865813,178,121,
12,44865834,121,24,
12,44865908,87,21,
12,44865997,113,41,
12,44866208,1099,850,
12,44866500,196,98,
12,44866621,115,400,
12,44867238,172,89,
12,44867374,251,42,
12,44867842,15,1,
12,44868563,41,34,
12,44869188,65,53,
12,44869448,7,0,
12,44869601,25,1,
12,44870137,213,63,
12,44870277,224,265,
12,44870445,158,105,
12,44870664,44,9,
12,44870895,198,93,
12,44870905,58,18,
12,44871093,33,1,
12,44871337,415,83,
12,44871901,137,52,
12,44872114,64,9,
12,44872313,478,322,
12,44872522,22,1,
12,44872578,47,3,
12,44872584,163,85,
12,44872948,107,36,
12,44872984,93,12,
12,44873103,21,20,
12,44873225,83,81,
12,44873341,116,42,
12,44873635,129,62,
12,44874736,139,54,
12,44874838,11,2,
12,44875109,503,273,
12,44875137,153,221,
12,44875154,25,5,
12,44875270,309,229,
12,44875388,11,10,
12,44875440,64,33,
12,44875522,18,2,
12,44875837,25,5,
12,44875847,25,1,
12,44875848,558,191,
12,44875961,374,152,
12,44875992,355,375,
12,44876075,67,143,
12,44876174,45,11,
12,44876346,173,44,
12,44876356,204,62,
12,44876844,91,25,
12,44877076,536,899,
12,44877201,137,64,
12,44877404,117,69,
12,44877567,6,0,
12,44878147,1311,690,
12,44878151,669,115,
12,44878257,72,24,
12,44878650,308,163,
12,44878887,16,3,
12,44878916,209,59,
12,44880081,65,45,
12,44880139,206,96,
12,44880401,311,94,
12,44880777,83,90,
12,44881109,77,18,
12,44881287,145,85,
12,44881638,28,7,
12,44881977,260,119,
12,44882438,129,46,
12,44882441,145,42,
12,44882754,30,4,
12,44883256,105,68,
12,44883281,15,6,
12,44883304,579,116,
12,44883634,828,243,
12,44884077,92,52,
12,44884091,91,28,
12,44884546,65,23,
12,44884709,432,292,
12,44884857,11,1,
12,44884863,25,5,
12,44885127,42,43,
12,44885398,763,529,
12,44885821,187,185,
12,44886202,149,36,16
12,44886647,1013,323,
12,44886913,423,599,
12,44886997,291,266,
12,44887490,13,1,
12,44887643,32,11,18
12,44887744,97,6,4
12,44887853,287,235,
12,44887965,259,83,
12,44888167,80,14,
12,44888184,13,7,
12,44888210,94,30,
12,44888236,208,293,
12,44888445,315,72,
12,44888548,121,48,
12,44888847,76,61,
12,44889132,5,0,19
12,44889163,115,8,26
12,44889354,180,67,
12,44889359,116,39,
12,44889580,343,163,
12,44889627,645,352,
12,44889673,90,32,13
12,44889715,206,200,
12,44889874,43,13,
12,44889941,790,295,
12,44890012,165,78,
12,44891090,112,92,
12,44891182,115,201,
12,44891296,10,0,
12,44891302,153,30,
12,44891509,118,26,
12,44891596,47,45,
12,44891759,380,285,
12,44892209,748,460,
12,44892254,104,86,
12,44892283,474,821,
12,44893045,44,53,
12,44893118,100,11,19
12,44893254,391,241,
12,44893522,83,41,
12,44893600,172,120,
12,44893717,77,3,
12,44894910,370,362,
12,44894983,23,2,
12,44895037,21,0,
12,44895182,32,39,
12,44895222,155,92,
12,44895270,138,77,
12,44895497,161,116,
12,44895666,8,0,
12,44896085,254,265,
12,44896433,260,134,
12,44896489,163,44,
12,44896529,8,1,15
12,44896690,32,9,
12,44896880,14,1,
12,44897043,10,2,24
12,44897098,75,40,
12,44897271,13,6,
12,44897998,40,12,
12,44898242,141,132,
12,44898300,380,129,
12,44898560,67,21,
12,44898934,384,218,
12,44899249,15,4,
12,44899339,224,57,
12,44899415,195,128,
12,44899488,194,59,
12,44899516,74,28,
12,44899685,319,380,
12,44899935,163,91,
12,44899999,442,338,
12,44900084,77,57,
12,44900116,827,481,
12,44900302,315,474,
12,44900340,206,177,
12,44900455,132,92,
12,44900918,8,0,
12,44901330,307,134,
12,44901387,62,116,
12,44901528,71,55,
12,44901683,350,91,
12,44901853,275,75,
12,44901885,61,70,
12,44902127,411,87,
12,44902148,799,308,
12,44902227,36,14,
12,44902763,101,154,
12,44902797,1086,892,
12,44903227,13,0,
12,44903265,35,12,
12,44903331,36,7,
12,44903626,31,16,
12,44903803,920,601,
12,44903923,25,6,30
12,44903995,33,4,
12,44904608,10,0,
12,44904667,37,8,
12,44904869,127,64,
12,44904974,35,25,
12,44904993,178,30,
12,44905595,64,44,
12,44905631,26,4,
12,44905808,424,220,
12,44906231,56,10,
12,44906305,448,309,
12,44906529,23,4,
12,44906662,187,63,
12,44906762,30,35,
12,44906918,119,67,
12,44907133,5,0,
12,44907358,61,34,
12,44907366,89,46,
12,44907460,28,0,
12,44907531,220,260,
12,44907569,110,72,
12,44907632,10,0,
12,44907660,153,150,
12,44908610,92,56,
12,44909133,158,63,
12,44909150,9,5,
12,44909416,6,0,
12,44909488,38,25,
12,44909720,5,0,
12,44909911,7,1,
12,44910195,5,0,
12,44910393,157,149,
12,44910671,37,5,
12,44910719,82,24,
12,44910865,615,172,
12,44911069,192,230,
12,44911169,211,56,
12,44911412,169,83,
12,44911423,704,431,
12,44911538,90,80,
12,44911554,33,4,
12,44911560,182,98,
12,44911571,101,18,
12,44911582,26,0,
12,44911601,31,5,
12,44911653,10,1,
12,44911941,173,293,
12,44912646,178,167,
12,44912727,82,25,
12,44912861,347,448,
12,44913081,103,144,
12,44913340,309,185,
12,44913359,359,108,
12,44913663,350,144,
12,44913682,99,33,
12,44913782,6,0,
12,44913996,4,0,
12,44914040,70,67,
12,44914061,486,196,
12,44914149,155,46,
12,44914153,112,244,
12,44914176,28,11,
12,44914220,3,0,
12,44914671,37,10,
12,44914773,164,145,
12,44914980,25,24,
12,44915164,428,119,
12,44915187,209,78,
12,44915206,109,51,
12,44915220,54,11,
12,44915380,6,0,
12,44915796,95,5,
12,44915824,219,161,
12,44915993,75,29,
12,44916233,56,21,
12,44916258,3,0,
12,44916322,13,1,
12,44916509,35,5,
12,44916783,529,266,
12,44916813,254,417,
12,44916900,89,5,
12,44916908,15,1,
12,44917308,201,291,
12,44917406,8,0,
12,44917450,107,31,
12,44917692,13,0,
12,44917835,273,335,
12,44917922,76,30,
12,44918060,147,144,
12,44918163,19,3,
12,44918334,6,1,
12,44918413,15,0,
12,44918708,12,17,
12,44918810,24,7,
12,44918907,17,7,
12,44919432,20,15,
12,44919647,173,67,
12,44919771,24,14,
12,44919891,477,246,
12,44919990,6,4,
12,44920344,11,0,
12,44920440,62,43,
12,44920810,7,2,
12,44920942,9,1,
12,44921040,8,0,
12,44921137,814,348,29
12,44921142,122,99,
12,44921609,271,71,15
12,44921627,17,1,
12,44921780,7,0,
12,44921879,12,2,
12,44921945,168,295,
12,44921952,5,0,
12,44922020,228,100,23
12,44922324,80,75,
12,44922383,65,12,2
12,44922571,391,183,27
12,44922814,12,1,
12,44922819,105,53,
12,44922848,5,0,
12,44922859,10,2,
12,44922897,27,8,
12,44922943,7,1,
12,44923226,7,0,
12,44923286,8,0,
12,44923397,6,0,
12,44923404,40,24,
12,44923426,13,0,
12,44923451,8,2,
12,44923465,309,109,17
12,44923743,21,2,
12,44923962,100,32,
12,44924036,8,2,
12,44924055,248,156,
12,44924254,13,2,
12,44924409,72,76,
12,44924461,318,268,11
12,44924581,174,107,
12,44924594,10,3,
12,44924802,10,13,
12,44924809,9,2,
12,44925066,5,1,
12,44925089,15,5,
12,44925123,111,9,22
12,44925333,14,2,
12,44925351,21,2,
12,44925380,460,184,28
12,44925438,63,104,
12,44925466,92,89,
12,44925476,78,89,
12,44925526,12,0,
12,44925543,10,1,
12,44925597,86,23,
12,44925716,45,20,
12,44925822,16,12,
12,44925847,90,47,
12,44925853,86,15,21
12,44925913,50,37,
12,44925966,103,57,
12,44925970,16,0,
12,44926143,16,7,
12,44926277,23,5,
12,44926414,128,13,13
12,44926430,12,5,
12,44926758,125,41,
12,44926785,64,45,
12,44926965,99,64,25
12,44926982,21,14,
12,44926990,25,12,
12,44927119,5,0,
12,44927222,21,11,
12,44927244,171,80,8
12,44927271,146,49,10
12,44927432,9,5,
12,44927450,11,3,
12,44927596,64,10,
12,44927934,329,267,
12,44927944,18,1,
12,44927953,41,8,
12,44928088,35,13,
12,44928224,3,0,
12,44928497,214,167,
12,44928543,3,1,
12,44928632,21,10,
12,44928643,7,0,
12,44928709,28,45,
12,44928786,6,1,
12,44928829,21,8,
12,44928893,4,1,
12,44928997,63,9,9
12,44929260,229,101,6
12,44929424,40,11,9
12,44929478,100,23,2
12,44929630,33,11,
12,44929922,4,0,
12,44930044,9,1,
12,44930111,15,1,5
12,44930186,80,81,5
12,44930222,44,74,
12,44930581,11,4,24
12,44930625,10,0,4
12,44930808,69,9,1
13,44812613,120,54,
13,44813175,87,13,
13,44819037,289,177,
13,44819917,988,789,
13,44819968,247,174,
13,44821434,286,93,
13,44821848,82,13,
13,44822637,216,205,
13,44822730,154,68,
13,44823272,98,63,
13,44823850,136,105,
13,44824088,96,14,
13,44824321,98,65,
13,44824811,50,4,
13,44825347,238,19,
13,44833607,112,20,
13,44833869,119,33,
13,44834570,49,36,
13,44834918,218,36,
13,44835879,1124,218,
13,44836294,331,81,
13,44836879,484,200,
13,44837124,78,32,
13,44837434,251,42,
13,44837949,136,164,
13,44838378,404,191,
13,44839496,98,50,
13,44839575,156,39,
13,44840013,1123,285,
13,44840573,151,209,
13,44840582,585,114,
13,44840654,146,36,
13,44841262,494,446,
13,44841741,228,150,
13,44841891,100,233,
13,44842114,178,105,
13,44842442,86,46,
13,44843223,189,199,
13,44843586,206,111,
13,44843605,226,140,
13,44844394,183,43,
13,44844647,241,76,
13,44844733,58,34,
13,44844903,85,9,
13,44845251,191,238,
13,44845272,197,73,
13,44845787,273,125,
13,44846140,66,95,
13,44846281,779,160,
13,44846318,607,133,
13,44846781,226,54,
13,44846871,409,227,
13,44846922,429,115,
13,44847001,162,31,
13,44847334,109,21,
13,44847741,221,230,
13,44847903,71,40,
13,44848293,314,107,
13,44848782,961,410,
13,44848821,28,2,
13,44849129,266,70,
13,44849834,66,91,
13,44850260,239,57,
13,44850681,355,113,
13,44850873,31,0,
13,44850913,693,240,
13,44850976,44,61,
13,44851019,169,222,
13,44851181,233,153,
13,44852058,34,12,
13,44852582,143,32,
13,44853064,347,81,
13,44853184,108,47,
13,44854171,157,104,
13,44854498,60,6,
13,44854518,368,233,
13,44854525,224,49,
13,44854686,123,52,
13,44855079,658,334,
13,44855157,465,127,
13,44855690,486,97,
13,44856046,117,53,
13,44856426,1463,493,
13,44856935,260,94,
13,44857100,95,28,
13,44857267,34,6,
13,44857643,107,107,
13,44858371,93,14,
13,44859049,279,108,
13,44859761,80,26,
13,44859849,23,4,
13,44860015,220,145,
13,44860080,140,39,
13,44860139,430,261,
13,44860732,96,21,
13,44860746,72,68,
13,44860847,147,80,
13,44860908,114,61,
13,44861106,513,270,
13,44861460,73,72,
13,44861521,228,237,
13,44861536,54,16,
13,44862414,195,55,
13,44862583,95,15,
13,44862861,84,21,
13,44863242,445,125,
13,44863409,239,69,
13,44863754,38,26,
13,44864134,1373,789,
13,44864141,30,7,
13,44864185,837,503,
13,44864192,446,746,
13,44864212,84,10,
13,44864467,96,39,
13,44864680,163,129,
13,44865290,70,46,
13,44865400,25,5,
13,44865560,1453,1115,
13,44865813,178,121,
13,44865834,121,24,
13,44865908,87,21,
13,44865997,113,41,
13,44866208,1099,850,
13,44866500,196,98,
13,44866621,115,400,
13,44867238,172,89,
13,44867374,251,42,
13,44867842,15,1,
13,44868563,41,34,
13,44869188,65,53,
13,44869448,7,0,
13,44869601,25,1,
13,44870137,213,63,
13,44870277,224,265,
13,44870445,158,105,
13,44870664,44,9,
13,44870895,198,93,
13,44870905,59,18,
13,44871093,33,1,
13,44871337,415,83,
13,44871901,137,52,
13,44872114,64,9,
13,44872313,478,322,
13,44872522,22,1,
13,44872578,47,3,
13,44872584,163,85,
13,44872948,107,36,
13,44872984,93,12,
13,44873103,21,20,
13,44873225,83,81,
13,44873341,116,42,
13,44873635,129,62,
13,44874736,139,54,
13,44874838,11,2,
13,44875109,503,273,
13,44875137,153,221,
13,44875154,25,5,
13,44875270,309,229,
13,44875388,11,10,
13,44875440,64,33,
13,44875522,18,2,
13,44875837,25,5,
13,44875847,25,1,
13,44875848,558,191,
13,44875961,374,152,
13,44875992,356,375,
13,44876075,67,143,
13,44876174,45,11,
13,44876346,173,44,
13,44876356,204,62,
13,44876844,91,25,
13,44877076,536,899,
13,44877201,137,64,
13,44877404,117,69,
13,44877567,6,0,
13,44878147,1311,690,
13,44878151,669,115,
13,44878257,72,24,
13,44878650,308,163,
13,44878887,16,3,
13,44878916,209,59,
13,44880081,65,45,
13,44880139,207,96,
13,44880401,311,94,
13,44880777,83,90,
13,44881109,77,18,
13,44881287,145,85,
13,44881638,28,8,
13,44881977,260,119,
13,44882438,129,46,
13,44882441,145,42,
13,44882754,30,4,
13,44883256,105,68,
13,44883281,15,6,
13,44883304,579,116,
13,44883634,828,243,
13,44884077,92,52,
13,44884091,91,28,
13,44884546,65,23,
13,44884709,432,292,
13,44884857,11,1,
13,44884863,25,5,
13,44885127,42,45,
13,44885398,763,529,
13,44885821,187,185,
13,44886202,155,36,19
13,44886647,1013,323,
13,44886913,423,599,
13,44886997,296,272,28
13,44887490,13,1,
13,44887643,35,12,21
13,44887744,116,9,5
13,44887853,287,235,
13,44887965,259,83,
13,44888167,80,14,
13,44888184,13,7,
13,44888210,94,30,
13,44888236,208,293,
13,44888445,315,72,
13,44888548,123,48,
13,44888847,76,61,
13,44889132,14,0,11
13,44889163,116,8,26
13,44889354,180,67,
13,44889359,116,39,
13,44889580,343,163,
13,44889627,645,352,
13,44889673,93,33,14
13,44889715,206,200,
13,44889874,43,13,
13,44889941,791,295,
13,44890012,165,78,
13,44891090,112,92,
13,44891182,115,201,
13,44891296,10,0,
13,44891302,153,30,
13,44891509,118,26,
13,44891596,55,48,14
13,44891759,380,285,
13,44892209,748,460,
13,44892254,104,86,
13,44892283,474,823,
13,44893045,45,56,
13,44893118,106,11,20
13,44893254,391,241,
13,44893522,83,41,
13,44893600,172,120,
13,44893717,77,3,
13,44894827,4,0,18
13,44894910,370,362,
13,44894983,23,2,
13,44895037,21,0,
13,44895182,32,39,
13,44895222,155,92,
13,44895270,138,77,
13,44895497,161,116,
13,44895666,8,0,
13,44896085,255,266,
13,44896433,260,134,
13,44896489,163,44,
13,44896529,11,2,17
13,44896690,32,9,
13,44896880,14,1,
13,44897043,11,2,
13,44897098,75,40,
13,44897271,13,6,
13,44897998,40,12,
13,44898242,141,132,
13,44898300,380,129,
13,44898560,67,21,
13,44898934,384,218,
13,44899249,15,4,
13,44899339,224,57,
13,44899415,195,128,
13,44899488,194,59,
13,44899516,74,29,
13,44899685,319,380,
13,44899935,163,91,
13,44899999,442,338,
13,44900084,77,57,
13,44900116,828,482,
13,44900302,315,474,
13,44900340,206,177,
13,44900455,132,93,
13,44900918,8,0,
13,44901330,307,134,
13,44901387,62,116,
13,44901528,71,55,
13,44901683,350,91,
13,44901853,275,75,
13,44901885,61,70,
13,44902127,411,87,
13,44902148,800,308,
13,44902227,36,14,
13,44902763,101,154,
13,44902797,1087,893,
13,44903227,13,0,
13,44903265,35,12,
13,44903331,36,7,
13,44903626,31,16,
13,44903803,920,602,
13,44903923,26,6,
13,44903995,33,4,
13,44904608,10,0,
13,44904667,37,8,
13,44904869,127,64,
13,44904974,35,25,
13,44904993,178,30,
13,44905595,64,44,
13,44905631,26,4,
13,44905808,424,220,
13,44906231,56,10,
13,44906305,449,309,
13,44906529,23,4,
13,44906662,187,63,
13,44906762,30,35,
13,44906918,120,67,
13,44907133,5,0,
13,44907358,61,35,
13,44907366,89,46,
13,44907460,28,0,
13,44907531,220,261,
13,44907569,110,72,
13,44907632,10,0,
13,44907660,153,150,
13,44908610,92,56,
13,44909133,158,63,
13,44909150,9,5,
13,44909416,6,0,
13,44909488,38,25,
13,44909720,5,0,
13,44909911,7,1,
13,44910195,5,0,
13,44910393,157,149,
13,44910671,37,5,
13,44910719,82,24,
13,44910865,615,172,
13,44911069,192,230,
13,44911169,211,56,
13,44911412,169,83,
13,44911423,704,431,
13,44911538,90,80,
13,44911554,33,4,
13,44911560,182,98,
13,44911571,101,18,
13,44911582,26,0,
13,44911601,31,5,
13,44911653,10,1,
13,44911941,173,293,
13,44912646,178,167,
13,44912727,82,25,
13,44912861,348,450,
13,44913081,103,144,
13,44913340,309,185,
13,44913359,359,108,
13,44913663,351,144,
13,44913682,99,33,
13,44913782,6,0,
13,44913996,4,0,
13,44914040,70,67,
13,44914061,486,196,
13,44914149,155,46,
13,44914153,112,244,
13,44914176,28,11,
13,44914220,3,0,
13,44914671,37,10,
13,44914773,164,146,
13,44914980,25,24,
13,44915164,429,119,
13,44915187,209,78,
13,44915206,109,51,
13,44915220,54,11,
13,44915380,6,0,
13,44915796,95,5,
13,44915824,219,161,
13,44915993,75,29,
13,44916233,56,21,
13,44916258,3,0,
13,44916322,13,1,
13,44916509,35,5,
13,44916783,529,267,
13,44916813,254,419,
13,44916900,90,5,
13,44916908,15,1,
13,44917308,201,291,
13,44917406,8,0,
13,44917450,107,31,
13,44917835,274,335,
13,44917922,76,30,
13,44918060,148,144,
13,44918334,6,1,
13,44918413,15,0,
13,44918708,12,17,
13,44918810,24,7,
13,44918907,17,7,
13,44919432,20,15,
13,44919647,173,67,
13,44919771,24,14,
13,44919891,477,249,
13,44919990,6,4,
13,44920344,11,0,
13,44920810,7,2,
13,44920942,9,1,
13,44921040,9,0,
13,44921137,825,349,29
13,44921142,122,99,
13,44921609,276,74,16
13,44921627,17,1,
13,44921780,7,0,
13,44921879,13,2,
13,44921945,170,295,
13,44921952,5,0,
13,44922020,234,100,25
13,44922324,80,76,
13,44922383,86,19,2
13,44922571,397,186,27
13,44922814,12,1,
13,44922819,106,53,
13,44922848,5,0,
13,44922859,10,2,
13,44922897,27,8,
13,44922943,7,1,
13,44923226,7,0,
13,44923286,8,0,
13,44923397,6,0,
13,44923404,40,24,
13,44923426,13,0,
13,44923451,8,2,
13,44923465,313,119,18
13,44923743,21,2,
13,44923962,103,33,30
13,44924036,8,2,
13,44924055,249,156,
13,44924254,13,2,
13,44924409,73,76,
13,44924461,329,279,11
13,44924581,177,107,
13,44924594,10,3,
13,44924802,10,13,
13,44924809,9,2,
13,44925066,5,1,
13,44925089,15,5,
13,44925123,113,12,22
13,44925333,14,2,
13,44925351,21,2,
13,44925380,464,187,28
13,44925438,64,104,
13,44925466,93,89,
13,44925476,79,88,
13,44925526,12,0,
13,44925543,10,1,
13,44925597,87,23,
13,44925716,45,20,
13,44925822,16,12,
13,44925847,91,48,
13,44925853,88,16,24
13,44925913,52,37,
13,44925966,105,57,
13,44925970,16,0,
13,44926143,16,7,
13,44926277,26,5,
13,44926414,130,13,15
13,44926430,12,5,
13,44926758,126,42,
13,44926785,66,46,
13,44926965,100,68,
13,44926982,21,14,
13,44926990,25,12,
13,44927119,5,0,
13,44927222,21,11,
13,44927244,180,87,10
13,44927271,153,55,13
13,44927432,9,5,
13,44927450,11,3,
13,44927596,66,10,
13,44927934,339,275,26
13,44927944,18,1,
13,44927953,43,8,
13,44928088,37,13,
13,44928224,3,0,
13,44928497,218,174,
13,44928543,3,1,
13,44928632,21,11,
13,44928643,7,0,
13,44928786,7,1,
13,44928829,21,9,
13,44928893,5,2,
13,44928997,83,10,8
13,44929260,259,121,8
13,44929424,63,16,6
13,44929453,4,0,
13,44929478,114,26,3
13,44929630,49,14,
13,44929648,4,0,
13,44929922,5,0,
13,44930044,9,1,
13,44930111,20,4,6
13,44930186,119,107,2
13,44930222,56,88,3
13,44930625,16,2,4
13,44930808,121,15,1
13,44930876,11,3,
13,44931106,5,1,
13,44931222,5,0,
13,44931321,5,0,
13,44931353,4,0,
13,44931368,4,0,
13,44931383,14,1,17
13,44931415,18,1,4
14,44812613,120,54,
14,44813175,87,13,
14,44819037,289,177,
14,44819917,988,789,
14,44819968,247,174,
14,44821434,286,93,
14,44821848,82,13,
14,44822637,216,205,
14,44822730,154,68,
14,44823272,98,63,
14,44823850,136,105,
14,44824088,96,14,
14,44824321,98,65,
14,44824811,50,4,
14,44833607,112,20,
14,44833869,119,33,
14,44834570,49,36,
14,44834918,218,36,
14,44835879,1125,218,
14,44836294,331,81,
14,44836879,484,200,
14,44837124,78,32,
14,44837434,251,42,
14,44837949,136,164,
14,44838378,404,191,
14,44839496,98,50,
14,44839575,156,39,
14,44840013,1123,285,
14,44840573,151,209,
14,44840582,585,114,
14,44840654,146,36,
14,44841262,494,446,
14,44841741,228,150,
14,44841891,100,233,
14,44842114,178,105,
14,44842442,86,46,
14,44843223,189,199,
14,44843586,206,111,
14,44843605,226,140,
14,44844394,183,43,
14,44844647,241,76,
14,44844733,58,34,
14,44844903,85,9,
14,44845251,191,238,
14,44845272,197,73,
14,44845787,273,125,
14,44846140,66,95,
14,44846281,779,160,
14,44846318,607,133,
14,44846781,226,54,
14,44846871,409,227,
14,44846922,429,115,
14,44847001,162,31,
14,44847334,109,21,
14,44847741,221,230,
14,44847903,71,40,
14,44848293,314,107,
14,44848782,961,410,
14,44848821,28,2,
14,44849129,266,70,
14,44849834,66,91,
14,44850260,239,57,
14,44850681,355,113,
14,44850873,31,0,
14,44850913,693,240,
14,44850976,44,61,
14,44851019,169,222,
14,44851181,233,153,
14,44852058,34,12,
14,44852582,143,32,
14,44853064,347,81,
14,44854171,157,104,
14,44854498,60,6,
14,44854518,368,233,
14,44854686,123,52,
14,44855079,658,334,
14,44855157,465,127,
14,44855690,486,97,
14,44856046,117,53,
14,44856426,1463,494,
14,44857100,95,28,
14,44857267,34,6,
14,44857643,107,107,
14,44858371,93,14,
14,44859049,279,108,
14,44859761,80,26,
14,44859849,23,4,
14,44860015,220,145,
14,44860080,140,39,
14,44860139,430,261,
14,44860732,96,21,
14,44860746,72,68,
14,44860847,147,80,
14,44860908,114,61,
14,44861106,513,270,
14,44861460,74,72,
14,44861521,228,237,
14,44861536,54,16,
14,44862414,195,55,
14,44862583,95,15,
14,44862861,84,21,
14,44863242,445,125,
14,44863409,239,69,
14,44863754,38,26,
14,44864134,1373,789,
14,44864141,30,7,
14,44864185,837,503,
14,44864212,84,10,
14,44864467,96,39,
14,44864680,163,129,
14,44865290,70,46,
14,44865400,25,5,
14,44865560,1453,1115,
14,44865813,178,121,
14,44865834,121,24,
14,44865908,87,21,
14,44865997,113,41,
14,44866208,1099,851,
14,44866500,196,98,
14,44866621,115,400,
14,44867238,172,89,
14,44867374,251,42,
14,44867842,15,1,
14,44868563,41,34,
14,44869188,65,53,
14,44869601,25,1,
14,44870137,213,63,
14,44870277,224,265,
14,44870445,158,105,
14,44870664,44,9,
14,44870895,198,93,
14,44870905,59,19,
14,44871093,33,1,
14,44871337,415,83,
14,44871901,137,52,
14,44872114,64,9,
14,44872313,479,324,
14,44872522,22,1,
14,44872578,47,3,
14,44872584,163,85,
14,44872948,107,36,
14,44872984,93,12,
14,44873103,21,20,
14,44873225,84,81,
14,44873341,116,42,
14,44873635,130,62,
14,44874736,139,54,
14,44874838,11,2,
14,44875109,503,273,
14,44875137,153,221,
14,44875154,25,5,
14,44875270,309,229,
14,44875388,11,10,
14,44875440,64,33,
14,44875522,18,2,
14,44875837,25,5,
14,44875847,25,1,
14,44875848,558,191,
14,44875961,374,152,
14,44875992,356,375,
14,44876075,67,143,
14,44876174,45,11,
14,44876346,173,44,
14,44876356,204,62,
14,44876844,91,25,
14,44877076,536,899,
14,44877201,137,64,
14,44877404,117,69,
14,44877567,6,0,
14,44878147,1311,690,
14,44878151,669,115,
14,44878257,72,24,
14,44878650,308,163,
14,44878887,16,3,
14,44878916,209,59,
14,44880081,65,45,
14,44880139,207,96,
14,44880401,311,94,
14,44880777,83,90,
14,44881109,77,18,
14,44881287,145,85,
14,44881638,28,8,
14,44882438,129,46,
14,44882441,145,42,
14,44882754,30,4,
14,44883256,105,69,
14,44883281,15,6,
14,44883304,579,116,
14,44883634,828,243,
14,44884077,93,52,
14,44884091,91,28,
14,44884546,65,23,
14,44884709,432,292,
14,44884857,11,1,
14,44885127,42,46,
14,44885398,763,529,
14,44885821,187,185,
14,44886202,161,38,25
14,44886647,1013,323,
14,44886913,423,599,
14,44886997,303,277,
14,44887490,13,1,
14,44887643,38,12,
14,44887744,128,12,10
14,44887853,287,235,
14,44887965,259,83,
14,44888167,80,14,
14,44888184,13,7,
14,44888210,95,30,
14,44888236,208,293,
14,44888445,315,72,
14,44888548,123,48,
14,44888847,76,61,
14,44889132,16,1,22
14,44889163,116,8,
14,44889354,180,67,
14,44889359,116,39,
14,44889580,343,163,
14,44889627,645,352,
14,44889673,95,35,21
14,44889715,206,200,
14,44889874,43,13,
14,44889941,791,295,
14,44890012,165,78,
14,44891090,112,92,
14,44891182,115,201,
14,44891296,10,0,
14,44891302,153,30,
14,44891509,118,26,
14,44891596,62,64,16
14,44891759,380,285,
14,44892209,748,460,
14,44892254,104,86,
14,44892283,475,825,
14,44893045,45,61,
14,44893118,107,12,30
14,44893254,392,241,
14,44893522,83,41,
14,44893600,172,121,
14,44893717,77,3,
14,44894827,8,0,19
14,44894910,370,362,
14,44894983,24,2,
14,44895037,21,0,
14,44895182,32,39,
14,44895222,155,92,
14,44895270,138,77,
14,44895497,161,116,
14,44895666,8,0,
14,44896085,255,266,
14,44896433,260,134,
14,44896489,163,44,
14,44896529,12,3,24
14,44896690,32,9,
14,44896880,14,1,
14,44897043,13,2,
14,44897098,75,40,
14,44897271,13,6,
14,44897998,40,12,
14,44898242,141,132,
14,44898300,380,129,
14,44898560,68,21,
14,44898934,384,218,
14,44899249,15,4,
14,44899339,224,57,
14,44899415,195,128,
14,44899488,194,59,
14,44899516,74,29,
14,44899685,319,380,
14,44899935,163,91,
14,44899999,442,338,
14,44900084,77,57,
14,44900116,828,482,
14,44900302,315,474,
14,44900340,206,177,
14,44900455,132,93,
14,44900918,8,0,
14,44901330,307,134,
14,44901387,62,116,
14,44901528,71,55,
14,44901683,350,91,
14,44901853,275,75,
14,44901885,61,70,
14,44902127,411,89,
14,44902148,800,308,
14,44902227,36,14,
14,44902763,101,154,
14,44902797,1087,894,
14,44903227,13,0,
14,44903265,35,12,
14,44903331,36,7,
14,44903626,31,16,
14,44903803,922,602,
14,44903923,26,6,
14,44903995,33,4,
14,44904608,10,0,
14,44904667,37,8,
14,44904742,5,0,18
14,44904869,127,64,
14,44904974,35,25,
14,44904993,178,30,
14,44905631,26,4,
14,44905808,424,220,
14,44906231,56,10,
14,44906305,449,309,
14,44906529,23,4,
14,44906662,187,63,
14,44906762,30,35,
14,44906918,120,67,
14,44907133,5,0,
14,44907358,61,35,
14,44907366,89,46,
14,44907460,28,0,
14,44907531,221,261,
14,44907569,110,72,
14,44907632,10,0,
14,44907660,153,150,
14,44908610,92,56,
14,44909133,158,63,
14,44909150,9,5,
14,44909416,6,0,
14,44909488,38,25,
14,44909720,5,0,
14,44909911,7,1,
14,44910393,157,149,
14,44910671,37,5,
14,44910719,82,24,
14,44910865,617,172,
14,44911069,192,230,
14,44911169,211,56,
14,44911412,170,85,
14,44911423,704,433,
14,44911538,90,80,
14,44911554,33,4,
14,44911560,182,98,
14,44911571,102,18,
14,44911582,26,0,
14,44911601,31,5,
14,44911653,10,1,
14,44911941,173,293,
14,44912646,178,168,
14,44912727,82,25,
14,44912861,348,450,
14,44913081,104,145,
14,44913340,309,185,
14,44913359,359,108,
14,44913663,351,144,
14,44913682,99,33,
14,44913782,6,0,
14,44913996,4,0,
14,44914040,70,67,
14,44914061,486,197,
14,44914149,155,46,
14,44914153,112,244,
14,44914176,28,11,
14,44914220,3,0,
14,44914671,37,10,
14,44914773,164,146,
14,44914980,25,24,
14,44915164,429,119,
14,44915187,209,78,
14,44915206,109,51,
14,44915220,54,11,
14,44915380,6,0,
14,44915796,95,5,
14,44915824,219,161,
14,44915993,75,29,
14,44916233,56,21,
14,44916258,3,0,
14,44916509,35,5,
14,44916783,530,267,
14,44916813,255,419,
14,44916900,90,5,
14,44916908,15,1,
14,44917308,202,293,
14,44917406,8,0,
14,44917450,107,31,
14,44917835,274,335,
14,44917922,76,30,
14,44917954,4,9,
14,44918060,148,144,
14,44918334,6,1,
14,44918413,15,0,
14,44918708,12,18,
14,44918810,24,7,
14,44918907,17,7,
14,44919432,20,15,
14,44919647,173,67,
14,44919771,24,14,
14,44919891,478,250,
14,44919990,6,4,
14,44920344,11,0,
14,44920810,7,2,
14,44920942,9,1,
14,44921040,9,0,
14,44921137,829,355,
14,44921142,123,100,
14,44921609,281,75,22
14,44921627,17,1,
14,44921780,7,0,
14,44921879,13,2,
14,44921945,170,295,
14,44921952,5,0,
14,44922020,236,100,
14,44922324,80,76,
14,44922383,101,32,7
14,44922571,402,189,
14,44922814,12,1,
14,44922819,107,53,
14,44922848,5,0,
14,44922859,10,2,
14,44922897,27,8,
14,44922943,7,1,
14,44923226,7,0,
14,44923286,8,0,
14,44923397,6,0,
14,44923404,40,24,
14,44923426,13,0,
14,44923451,8,2,
14,44923465,325,121,24
14,44923743,21,2,
14,44923962,103,34,
14,44924036,8,2,
14,44924055,250,158,
14,44924254,13,2,
14,44924409,73,77,
14,44924461,339,294,17
14,44924581,179,107,
14,44924594,10,3,
14,44924802,10,13,
14,44924809,9,2,
14,44925066,5,1,
14,44925089,15,5,
14,44925123,114,12,
14,44925333,14,2,
14,44925351,23,2,
14,44925380,467,191,
14,44925438,64,105,
14,44925466,93,91,
14,44925476,79,89,
14,44925526,12,0,
14,44925543,10,1,
14,44925597,87,23,
14,44925716,45,20,
14,44925822,16,12,
14,44925847,91,49,
14,44925853,90,18,
14,44925913,53,37,
14,44925966,105,57,
14,44925970,16,0,
14,44926143,16,7,
14,44926277,26,5,
14,44926414,131,13,23
14,44926430,12,5,
14,44926758,128,42,
14,44926785,67,46,
14,44926965,100,69,
14,44926982,21,14,
14,44926990,25,12,
14,44927119,5,0,
14,44927222,21,11,
14,44927244,189,90,14
14,44927271,156,58,19
14,44927432,9,5,
14,44927450,12,3,
14,44927596,67,10,
14,44927934,367,294,29
14,44927944,18,1,
14,44927953,44,8,
14,44928088,38,16,
14,44928224,3,0,
14,44928497,223,177,
14,44928543,4,1,
14,44928632,21,11,
14,44928643,7,0,
14,44928786,8,1,
14,44928829,22,9,
14,44928893,5,2,
14,44928997,96,15,13
14,44929260,276,139,15
14,44929424,73,20,10
14,44929453,6,0,
14,44929478,125,26,8
14,44929630,63,14,
14,44929648,4,0,
14,44929911,6,1,
14,44929922,6,0,
14,44930044,9,1,
14,44930111,22,7,12
14,44930186,172,155,3
14,44930222,67,127,5
14,44930625,20,4,9
14,44930808,159,30,1
14,44930876,14,5,
14,44931106,9,2,
14,44931222,8,0,
14,44931311,5,0,
14,44931321,20,6,4
14,44931353,6,1,28
14,44931368,30,2,4
14,44931383,49,25,9
14,44931415,48,28,2
14,44931458,11,0,
14,44931666,5,0,
15,44812613,120,54,
15,44813175,87,13,
15,44819037,289,177,
15,44819917,988,789,
15,44819968,247,174,
15,44821434,286,93,
15,44821848,82,13,
15,44822637,216,205,
15,44822730,154,68,
15,44823272,98,63,
15,44823850,136,105,
15,44824088,96,14,
15,44824321,98,65,
15,44824811,50,4,
15,44833607,112,20,
15,44833869,119,33,
15,44834570,49,36,
15,44834918,218,36,
15,44835879,1125,218,
15,44836294,331,81,
15,44836879,484,200,
15,44837124,78,32,
15,44837434,251,42,
15,44837949,136,164,
15,44838378,404,191,
15,44839496,98,50,
15,44839575,156,39,
15,44840013,1123,285,
15,44840573,151,209,
15,44840582,585,114,
15,44840654,146,36,
15,44841262,494,446,
15,44841741,228,150,
15,44841891,100,233,
15,44842114,178,105,
15,44842442,86,46,
15,44843223,189,199,
15,44843586,206,111,
15,44843605,226,140,
15,44844394,183,43,
15,44844647,241,76,
15,44844733,58,34,
15,44844903,85,9,
15,44845251,191,238,
15,44845272,197,73,
15,44845787,273,125,
15,44846140,66,95,
15,44846281,779,160,
15,44846318,607,133,
15,44846781,226,54,
15,44846871,409,227,
15,44846922,429,115,
15,44847001,162,31,
15,44847334,109,21,
15,44847741,221,230,
15,44847903,71,40,
15,44848293,314,107,
15,44848782,961,410,
15,44848821,28,2,
15,44849129,266,70,
15,44849834,66,91,
15,44850260,239,57,
15,44850681,355,113,
15,44850873,31,0,
15,44850913,693,240,
15,44850976,44,61,
15,44851019,169,222,
15,44851181,233,153,
15,44852058,34,12,
15,44852582,143,32,
15,44853064,347,81,
15,44854171,157,104,
15,44854498,60,6,
15,44854518,368,233,
15,44854686,123,52,
15,44855079,658,334,
15,44855157,465,127,
15,44855690,486,97,
15,44856046,117,53,
15,44856426,1463,494,
15,44857100,95,28,
15,44857267,34,6,
15,44857643,107,107,
15,44858371,93,14,
15,44859049,279,108,
15,44859761,80,26,
15,44859849,23,4,
15,44860015,220,145,
15,44860080,140,39,
15,44860139,430,261,
15,44860732,96,21,
15,44860746,72,68,
15,44860847,147,80,
15,44860908,114,61,
15,44861106,513,270,
15,44861460,74,72,
15,44861521,228,237,
15,44861536,54,16,
15,44862414,195,55,
15,44862583,95,15,
15,44862861,84,21,
15,44863242,445,125,
15,44863409,239,69,
15,44863754,38,26,
15,44864134,1373,789,
15,44864141,30,7,
15,44864185,837,503,
15,44864212,84,10,
15,44864467,96,39,
15,44864680,163,129,
15,44865290,70,46,
15,44865400,25,5,
15,44865560,1453,1115,
15,44865813,178,121,
15,44865834,122,24,
15,44865908,87,21,
15,44865997,113,41,
15,44866208,1099,851,
15,44866500,196,98,
15,44866621,115,400,
15,44867238,172,89,
15,44867374,251,42,
15,44867842,15,1,
15,44868563,41,34,
15,44869188,65,53,
15,44869601,25,1,
15,44870137,213,63,
15,44870277,224,265,
15,44870445,158,105,
15,44870664,44,9,
15,44870895,198,93,
15,44870905,59,19,
15,44871093,33,1,
15,44871337,415,83,
15,44871901,137,52,
15,44872114,64,9,
15,44872313,479,324,
15,44872522,22,1,
15,44872578,47,3,
15,44872584,163,85,
15,44872948,107,36,
15,44872984,93,12,
15,44873103,21,20,
15,44873225,84,81,
15,44873341,116,42,
15,44873635,130,62,
15,44874736,139,54,
15,44874838,11,2,
15,44875109,503,273,
15,44875137,155,221,
15,44875154,25,5,
15,44875270,309,229,
15,44875388,11,10,
15,44875440,64,33,
15,44875522,18,2,
15,44875837,25,5,
15,44875847,25,1,
15,44875848,558,191,
15,44875961,374,152,
15,44875992,356,375,
15,44876075,67,143,
15,44876174,45,11,
15,44876346,173,44,
15,44876356,204,62,
15,44876844,91,25,
15,44877076,536,899,
15,44877201,137,64,
15,44877404,117,69,
15,44877567,6,0,
15,44878147,1312,690,
15,44878151,669,115,
15,44878257,72,24,
15,44878650,308,163,
15,44878887,16,3,
15,44878916,209,59,
15,44880081,65,45,
15,44880139,208,96,
15,44880401,311,94,
15,44880777,83,90,
15,44881109,77,18,
15,44881287,145,85,
15,44881638,29,9,
15,44882438,129,46,
15,44882441,145,42,
15,44882754,30,4,
15,44883256,105,70,
15,44883281,15,6,
15,44883304,579,116,
15,44883634,828,243,
15,44884077,94,52,
15,44884091,91,28,
15,44884546,65,23,
15,44884709,432,292,
15,44884857,11,1,
15,44885127,43,47,
15,44885398,763,529,
15,44885821,187,185,
15,44886202,162,42,28
15,44886647,1013,323,
15,44886913,423,599,
15,44886997,309,291,
15,44887490,13,1,
15,44887643,38,12,
15,44887744,141,13,12
15,44887853,287,235,
15,44887965,259,83,
15,44888167,80,14,
15,44888184,13,9,
15,44888210,96,30,
15,44888236,208,293,
15,44888445,315,72,
15,44888548,123,48,
15,44888847,76,61,
15,44889132,20,4,23
15,44889163,117,8,
15,44889354,180,67,
15,44889359,116,39,
15,44889580,343,163,
15,44889627,645,352,
15,44889673,97,36,26
15,44889715,206,200,
15,44889874,43,13,
15,44889941,791,295,
15,44890012,165,78,
15,44891090,112,92,
15,44891182,115,201,
15,44891296,10,0,
15,44891302,153,30,
15,44891509,118,26,
15,44891596,72,78,15
15,44891759,380,285,
15,44892209,748,460,
15,44892254,104,86,
15,44892283,475,826,
15,44893045,47,69,
15,44893118,107,12,
15,44893254,392,241,
15,44893522,83,41,
15,44893600,172,121,
15,44893717,77,3,
15,44894827,11,2,22
15,44894910,370,362,
15,44894983,24,2,
15,44895037,21,0,
15,44895182,32,39,
15,44895222,155,92,
15,44895270,138,77,
15,44895497,161,116,
15,44895666,9,0,
15,44896085,255,266,
15,44896433,260,134,
15,44896489,163,44,
15,44896529,15,3,30
15,44896690,32,9,
15,44896880,14,1,
15,44897043,14,2,
15,44897098,75,40,
15,44897271,13,6,
15,44897998,40,12,
15,44898242,141,132,
15,44898300,380,129,
15,44898560,68,21,
15,44899249,15,4,
15,44899339,224,57,
15,44899415,196,128,
15,44899488,194,59,
15,44899516,74,29,
15,44899685,319,380,
15,44899935,163,91,
15,44899999,442,338,
15,44900023,6,1,12
15,44900084,77,57,
15,44900116,828,482,
15,44900302,315,475,
15,44900340,206,177,
15,44900455,132,93,
15,44900918,8,0,
15,44901330,307,134,
15,44901387,62,116,
15,44901528,71,55,
15,44901683,350,91,
15,44901853,275,75,
15,44901885,61,70,
15,44902127,411,89,
15,44902148,800,309,
15,44902227,36,14,
15,44902763,101,154,
15,44902797,1087,896,
15,44903227,13,0,
15,44903265,35,12,
15,44903331,36,7,
15,44903626,31,16,
15,44903803,923,604,
15,44903923,27,6,
15,44903995,33,4,
15,44904608,10,0,
15,44904667,37,8,
15,44904742,12,2,15
15,44904869,127,64,
15,44904974,35,25,
15,44904993,178,30,
15,44905631,26,4,
15,44905808,424,220,
15,44906231,56,10,
15,44906305,449,309,
15,44906529,24,4,
15,44906662,187,63,
15,44906762,30,35,
15,44906918,120,67,
15,44907133,5,0,
15,44907358,61,34,
15,44907366,89,46,
15,44907460,28,0,
15,44907531,221,261,
15,44907569,110,72,
15,44907632,10,0,
15,44907660,155,150,
15,44908610,92,56,
15,44909133,158,63,
15,44909150,9,5,
15,44909416,6,0,
15,44909488,38,25,
15,44909720,5,0,
15,44909911,7,1,
15,44910393,157,149,
15,44910671,37,5,
15,44910719,82,24,
15,44910865,617,172,
15,44911069,192,230,
15,44911169,211,56,
15,44911412,170,86,
15,44911423,704,433,
15,44911538,90,80,
15,44911554,33,4,
15,44911560,182,98,
15,44911571,102,18,
15,44911582,26,0,
15,44911601,31,5,
15,44911653,10,1,
15,44911941,173,293,
15,44912646,178,168,
15,44912727,82,26,
15,44912861,349,454,
15,44912881,3,0,
15,44913081,104,146,
15,44913340,309,185,
15,44913359,359,108,
15,44913663,351,144,
15,44913682,99,33,
15,44913782,6,0,
15,44913996,4,0,
15,44914040,70,67,
15,44914061,486,197,
15,44914149,155,46,
15,44914153,112,244,
15,44914220,3,0,
15,44914362,4,0,
15,44914671,37,10,
15,44914773,164,146,
15,44914980,25,24,
15,44915164,429,119,
15,44915187,209,78,
15,44915206,109,51,
15,44915220,54,11,
15,44915380,6,0,
15,44915796,95,5,
15,44915824,219,162,
15,44915939,3,0,
15,44915993,75,29,
15,44916233,56,21,
15,44916258,3,0,
15,44916509,35,5,
15,44916694,4,1,
15,44916783,531,267,
15,44916813,255,419,
15,44916900,90,5,
15,44916908,15,1,
15,44916995,3,0,
15,44917308,202,293,
15,44917406,8,0,
15,44917450,107,31,
15,44917835,274,342,
15,44917922,76,30,
15,44917954,4,9,
15,44918060,148,144,
15,44918334,6,1,
15,44918708,12,18,
15,44918810,24,7,
15,44918907,17,7,
15,44919432,20,15,
15,44919527,4,0,
15,44919647,173,67,
15,44919771,24,14,
15,44919891,479,251,
15,44919990,6,4,
15,44920344,11,0,
15,44920539,4,0,
15,44920810,7,2,
15,44920942,9,1,
15,44921040,9,0,
15,44921137,837,358,
15,44921142,124,100,
15,44921609,285,79,24
15,44921627,17,1,
15,44921780,7,0,
15,44921879,13,2,
15,44921945,171,296,
15,44921952,5,0,
15,44922020,237,100,
15,44922383,118,41,7
15,44922571,406,190,
15,44922814,12,1,
15,44922819,107,53,
15,44922848,5,0,
15,44922859,10,2,
15,44922897,27,8,
15,44922943,7,1,
15,44923226,7,0,
15,44923286,8,0,
15,44923397,6,0,
15,44923404,40,24,
15,44923426,13,0,
15,44923451,8,2,
15,44923465,332,121,27
15,44923743,21,2,
15,44923962,104,34,
15,44924036,8,2,
15,44924055,251,163,
15,44924254,13,2,
15,44924409,73,78,
15,44924461,348,299,19
15,44924581,180,107,
15,44924594,10,3,
15,44924802,10,13,
15,44924809,9,2,
15,44925066,5,1,
15,44925089,15,5,
15,44925123,114,12,
15,44925333,14,2,
15,44925351,23,2,
15,44925380,467,193,
15,44925438,65,108,
15,44925466,93,93,
15,44925476,80,90,
15,44925526,12,0,
15,44925543,10,1,
15,44925597,87,23,
15,44925716,45,20,
15,44925822,16,12,
15,44925847,93,49,
15,44925853,92,18,
15,44925913,53,37,
15,44925966,105,58,
15,44925970,16,0,
15,44926143,16,7,
15,44926277,26,5,
15,44926414,133,13,25
15,44926430,12,5,
15,44926758,129,42,
15,44926785,68,47,
15,44926965,101,74,
15,44926982,21,14,
15,44926990,25,12,
15,44927119,5,0,
15,44927222,21,11,
15,44927244,190,92,17
15,44927271,158,60,21
15,44927432,9,5,
15,44927450,12,3,
15,44927596,67,10,
15,44927934,386,306,29
15,44927944,19,1,
15,44927953,45,8,
15,44928088,40,18,
15,44928224,3,0,
15,44928497,227,180,
15,44928543,4,1,
15,44928632,21,11,
15,44928643,7,0,
15,44928786,9,2,
15,44928829,22,9,
15,44928893,5,2,
15,44928997,107,18,11
15,44929260,292,158,19
15,44929424,78,20,10
15,44929453,8,0,
15,44929478,135,26,8
15,44929630,71,15,
15,44929648,4,0,
15,44929911,7,1,
15,44929922,6,0,
15,44930044,9,1,
15,44930111,24,8,14
15,44930186,210,201,2
15,44930222,79,154,6
15,44930625,27,4,9
15,44930808,191,53,1
15,44930876,18,6,
15,44931106,12,2,
15,44931222,9,0,
15,44931311,9,1,
15,44931321,29,9,4
15,44931368,57,4,2
15,44931383,84,67,9
15,44931415,71,59,8
15,44931458,13,0,
15,44931666,30,11,4
15,44931763,11,4,23
15,44932040,7,1,22
15,44932134,6,0,
15,44932375,3,1,
16,44812613,120,54,
16,44819037,289,177,
16,44819917,988,789,
16,44819968,247,174,
16,44821434,286,93,
16,44821848,82,13,
16,44822637,216,205,
16,44822730,154,68,
16,44823272,98,63,
16,44823850,136,105,
16,44824088,96,14,
16,44824321,98,65,
16,44824811,50,4,
16,44833607,112,20,
16,44833869,119,33,
16,44834918,219,36,
16,44835879,1125,218,
16,44836294,331,81,
16,44837124,78,32,
16,44837434,251,42,
16,44837949,136,164,
16,44838378,404,191,
16,44839496,98,50,
16,44839575,156,39,
16,44840013,1123,285,
16,44840573,151,209,
16,44840582,585,114,
16,44840654,146,36,
16,44841262,494,446,
16,44841741,228,150,
16,44841891,100,233,
16,44842114,178,105,
16,44842442,86,46,
16,44843223,189,199,
16,44843586,206,111,
16,44843605,226,140,
16,44844394,183,43,
16,44844733,58,34,
16,44844903,85,9,
16,44845251,191,238,
16,44845272,197,73,
16,44845787,273,126,
16,44846281,779,160,
16,44846318,607,133,
16,44846781,226,54,
16,44846871,409,227,
16,44846922,429,115,
16,44847001,162,31,
16,44847334,109,21,
16,44847903,71,40,
16,44848293,314,107,
16,44848782,961,410,
16,44848821,29,2,
16,44849129,266,70,
16,44849834,66,91,
16,44850260,239,57,
16,44850681,355,113,
16,44850913,693,240,
16,44850976,44,61,
16,44851019,169,222,
16,44851181,233,153,
16,44852058,34,12,
16,44852582,143,32,
16,44853064,347,81,
16,44854171,157,104,
16,44854498,60,6,
16,44854518,368,233,
16,44854686,123,52,
16,44855079,658,334,
16,44855157,465,127,
16,44855690,486,97,
16,44856046,117,53,
16,44857100,95,28,
16,44857267,34,6,
16,44857643,107,107,
16,44858371,93,14,
16,44859049,279,108,
16,44859761,80,26,
16,44859849,23,4,
16,44860015,220,145,
16,44860080,140,39,
16,44860139,430,261,
16,44860732,96,21,
16,44860746,72,68,
16,44860847,147,80,
16,44860908,114,61,
16,44861106,513,270,
16,44861460,74,72,
16,44861521,228,237,
16,44861536,54,16,
16,44862414,195,55,
16,44862583,95,15,
16,44862861,84,21,
16,44863242,445,125,
16,44863409,239,69,
16,44863754,38,26,
16,44864134,1373,789,
16,44864141,30,7,
16,44864185,837,503,
16,44864212,85,10,
16,44864680,163,129,
16,44865290,70,46,
16,44865400,25,5,
16,44865560,1453,1115,
16,44865813,178,121,
16,44865908,87,21,
16,44865997,113,41,
16,44866208,1099,851,
16,44866621,115,400,
16,44867238,172,89,
16,44867374,251,42,
16,44867842,15,1,
16,44868563,41,34,
16,44869188,65,53,
16,44869601,25,1,
16,44870137,213,63,
16,44870277,224,265,
16,44870445,158,105,
16,44870664,44,9,
16,44870895,198,93,
16,44870905,59,19,
16,44871093,33,1,
16,44871337,415,83,
16,44871901,137,52,
16,44872114,64,9,
16,44872313,479,324,
16,44872522,22,1,
16,44872578,47,3,
16,44872584,163,85,
16,44872948,107,36,
16,44872984,93,12,
16,44873103,21,20,
16,44873225,84,81,
16,44873341,116,42,
16,44873635,130,62,
16,44874736,139,54,
16,44874838,11,2,
16,44875109,503,273,
16,44875137,155,222,
16,44875154,25,5,
16,44875270,309,229,
16,44875388,11,10,
16,44875440,64,33,
16,44875522,18,2,
16,44875837,25,5,
16,44875847,25,1,
16,44875848,558,193,
16,44875961,374,152,
16,44875992,356,375,
16,44876075,67,143,
16,44876174,45,11,
16,44876346,173,44,
16,44876356,204,62,
16,44876844,91,25,
16,44877076,537,899,
16,44877201,137,64,
16,44877404,117,69,
16,44877567,6,0,
16,44878147,1312,690,
16,44878151,669,115,
16,44878257,72,24,
16,44878650,308,163,
16,44878887,16,3,
16,44878916,209,59,
16,44880081,65,45,
16,44880139,208,96,
16,44880401,311,94,
16,44880777,83,90,
16,44881109,77,18,
16,44881287,145,85,
16,44881638,29,9,
16,44882438,129,46,
16,44882441,145,42,
16,44882754,30,4,
16,44883256,105,72,
16,44883281,15,6,
16,44883304,579,116,
16,44883634,828,243,
16,44884077,94,52,
16,44884091,91,28,
16,44884546,65,23,
16,44884709,432,294,
16,44884857,11,1,
16,44885127,44,47,
16,44885398,763,529,
16,44885821,187,185,
16,44886202,164,43,
16,44886647,1013,323,
16,44886913,423,599,
16,44886997,313,296,
16,44887490,13,1,
16,44887643,41,14,
16,44887744,146,14,15
16,44887853,287,235,
16,44887965,259,83,
16,44888167,80,14,
16,44888184,13,10,
16,44888210,96,30,
16,44888236,208,293,
16,44888445,315,72,
16,44888548,124,48,
16,44888847,76,61,
16,44889132,25,4,26
16,44889163,117,8,
16,44889354,180,67,
16,44889359,116,39,
16,44889580,343,163,
16,44889627,645,352,
16,44889673,100,38,29
16,44889715,206,201,
16,44889874,43,13,
16,44889941,792,295,
16,44890012,165,78,
16,44891090,112,92,
16,44891182,115,201,
16,44891296,10,0,
16,44891302,153,30,
16,44891596,79,95,17
16,44891759,380,285,
16,44892080,10,3,12
16,44892209,748,460,
16,44892283,475,829,
16,44893045,49,69,
16,44893118,107,12,
16,44893254,392,241,
16,44893522,83,41,
16,44893600,172,121,
16,44893717,77,3,
16,44894827,13,5,
16,44894910,370,362,
16,44894983,24,2,
16,44895037,21,0,
16,44895182,32,39,
16,44895222,155,92,
16,44895270,138,77,
16,44895497,161,116,
16,44895666,9,0,
16,44896085,255,266,
16,44896433,260,134,
16,44896489,163,44,
16,44896529,16,3,
16,44896690,32,9,
16,44896880,14,1,
16,44897043,14,3,
16,44897098,75,40,
16,44897271,13,6,
16,44897998,40,12,
16,44898242,141,133,
16,44898300,381,129,
16,44898560,68,21,
16,44899249,15,4,
16,44899339,224,57,
16,44899415,196,128,
16,44899488,194,59,
16,44899516,74,30,
16,44899685,319,380,
16,44899935,163,91,
16,44899999,442,338,
16,44900023,14,3,12
16,44900084,77,57,
16,44900116,828,483,
16,44900302,315,475,
16,44900340,207,177,
16,44900455,132,93,
16,44900918,8,0,
16,44901330,307,134,
16,44901387,63,116,
16,44901528,71,55,
16,44901683,350,91,
16,44901853,275,75,
16,44902127,411,89,
16,44902148,800,309,
16,44902227,36,14,
16,44902763,101,154,
16,44902797,1088,896,
16,44903227,13,0,
16,44903265,35,12,
16,44903331,36,7,
16,44903803,923,604,
16,44903923,27,6,
16,44903995,33,4,
16,44904608,10,0,
16,44904667,37,8,
16,44904742,13,2,20
16,44904869,127,64,
16,44904974,35,25,
16,44904993,178,30,
16,44905631,26,4,
16,44905808,424,220,
16,44906305,449,309,
16,44906529,24,4,
16,44906662,187,63,
16,44906762,30,35,
16,44906918,120,67,
16,44907133,5,0,
16,44907358,61,36,
16,44907366,89,46,
16,44907460,28,0,
16,44907531,221,262,
16,44907569,110,72,
16,44907632,10,0,
16,44907660,155,150,
16,44908610,92,56,
16,44909133,158,63,
16,44909150,9,5,
16,44909416,6,0,
16,44909488,38,25,
16,44909720,5,0,
16,44909911,7,1,
16,44910393,157,149,
16,44910671,37,5,
16,44910719,83,24,
16,44910865,622,172,
16,44911069,192,230,
16,44911169,211,56,
16,44911412,171,86,
16,44911423,705,433,
16,44911538,90,80,
16,44911554,33,4,
16,44911560,182,98,
16,44911571,102,18,
16,44911582,26,0,
16,44911601,31,5,
16,44911653,10,1,
16,44911941,173,294,
16,44912646,178,168,
16,44912727,82,26,
16,44912861,349,455,
16,44912881,3,0,
16,44913081,105,146,
16,44913340,309,185,
16,44913359,359,108,
16,44913663,351,144,
16,44913682,99,33,
16,44913782,6,0,
16,44913996,4,0,
16,44914040,70,67,
16,44914061,487,197,
16,44914149,155,46,
16,44914153,112,244,
16,44914220,3,0,
16,44914362,4,0,
16,44914671,37,10,
16,44914773,164,146,
16,44915164,429,119,
16,44915187,209,78,
16,44915206,109,51,
16,44915220,54,11,
16,44915228,4,0,
16,44915380,6,0,
16,44915796,95,5,
16,44915824,219,162,
16,44915939,3,0,
16,44915993,75,29,
16,44916233,56,21,
16,44916258,3,0,
16,44916509,35,5,
16,44916694,4,1,
16,44916783,531,267,
16,44916813,255,419,
16,44916900,90,5,
16,44916908,15,1,
16,44916995,3,0,
16,44917308,202,294,
16,44917406,9,0,
16,44917450,107,31,
16,44917835,274,343,
16,44917922,77,31,
16,44917954,4,9,
16,44918060,148,144,
16,44918334,6,1,
16,44918708,12,18,
16,44918810,24,7,
16,44918907,17,7,
16,44919432,20,15,
16,44919527,4,0,
16,44919647,173,67,
16,44919771,24,14,
16,44919831,3,0,
16,44919891,479,251,
16,44919990,6,4,
16,44920344,11,0,
16,44920539,4,0,
16,44920810,7,2,
16,44920942,9,1,
16,44921040,9,0,
16,44921137,840,363,
16,44921142,124,101,
16,44921609,295,81,27
16,44921627,17,1,
16,44921780,7,0,
16,44921879,13,3,
16,44921945,174,298,
16,44921952,5,0,
16,44922020,240,101,
16,44922383,126,47,8
16,44922571,410,192,
16,44922814,12,1,
16,44922819,107,53,
16,44922848,5,0,
16,44922859,10,2,
16,44922897,27,8,
16,44922943,7,1,
16,44923226,7,0,
16,44923397,6,0,
16,44923404,40,24,
16,44923426,13,0,
16,44923451,8,2,
16,44923465,334,122,
16,44923743,21,2,
16,44923777,4,0,
16,44923962,104,34,
16,44924031,5,3,
16,44924036,8,2,
16,44924055,251,163,
16,44924254,13,2,
16,44924261,4,0,
16,44924409,73,79,
16,44924461,361,307,20
16,44924581,181,107,
16,44924594,10,3,
16,44924802,10,13,
16,44925066,5,1,
16,44925089,15,5,
16,44925123,114,12,
16,44925198,3,0,
16,44925333,14,2,
16,44925351,23,2,
16,44925380,472,193,
16,44925438,65,110,
16,44925466,93,93,
16,44925476,80,91,
16,44925526,12,0,
16,44925543,10,1,
16,44925597,88,23,
16,44925716,45,20,
16,44925822,16,12,
16,44925847,93,50,
16,44925853,94,19,
16,44925913,54,37,
16,44925966,105,58,
16,44925970,16,0,
16,44926143,16,7,
16,44926277,27,5,
16,44926414,135,16,30
16,44926430,12,5,
16,44926758,131,42,
16,44926785,70,48,
16,44926965,103,79,
16,44926982,21,14,
16,44926990,25,12,
16,44927119,5,0,
16,44927222,21,11,
16,44927244,194,93,19
16,44927271,159,61,23
16,44927432,9,5,
16,44927450,12,3,
16,44927596,69,10,
16,44927934,391,313,
16,44927944,19,1,
16,44927953,46,8,
16,44928088,40,18,
16,44928224,3,0,
16,44928497,229,183,
16,44928543,4,1,
16,44928632,21,12,
16,44928643,7,0,
16,44928786,9,3,
16,44928829,22,9,
16,44928893,5,2,
16,44928997,124,19,13
16,44929260,299,175,23
16,44929424,85,23,12
16,44929453,12,1,
16,44929478,145,33,9
16,44929630,79,15,
16,44929648,5,0,
16,44929911,10,1,
16,44929922,6,0,
16,44930044,10,1,
16,44930111,26,13,17
16,44930186,264,240,3
16,44930222,100,180,7
16,44930625,31,7,11
16,44930808,236,80,1
16,44930876,22,7,
16,44931106,12,2,
16,44931222,9,0,
16,44931311,11,2,
16,44931321,42,28,5
16,44931368,77,8,4
16,44931383,96,89,
16,44931415,83,67,24
16,44931458,14,0,
16,44931666,61,18,2
16,44931763,61,52,11
16,44931768,7,0,
16,44932040,15,2,21
16,44932200,29,5,4
16,44932227,6,0,
16,44932342,5,1,8
16,44932375,18,10,6
16,44932398,13,3,24
16,44932487,34,16,13
17,44812613,120,54,
17,44819037,289,177,
17,44819917,988,789,
17,44819968,247,174,
17,44821434,286,93,
17,44821848,82,13,
17,44822637,216,205,
17,44822730,154,68,
17,44823272,98,63,
17,44824088,96,14,
17,44824321,98,65,
17,44824811,50,4,
17,44833607,112,20,
17,44833869,119,33,
17,44834918,219,36,
17,44835879,1125,218,
17,44836294,331,81,
17,44837124,78,32,
17,44837434,251,42,
17,44837949,136,164,
17,44838378,404,191,
17,44839496,98,50,
17,44839575,156,39,
17,44840013,1123,285,
17,44840573,151,209,
17,44840582,585,114,
17,44840654,146,36,
17,44841262,494,446,
17,44841741,228,150,
17,44841891,100,233,
17,44842114,178,105,
17,44842442,86,46,
17,44843223,189,199,
17,44843586,206,111,
17,44843605,226,140,
17,44844394,183,43,
17,44844733,58,34,
17,44844903,85,9,
17,44845251,191,238,
17,44845272,197,73,
17,44845787,273,126,
17,44846281,779,160,
17,44846318,607,133,
17,44846781,226,54,
17,44846871,409,227,
17,44846922,429,115,
17,44847001,162,31,
17,44847334,109,21,
17,44847903,71,40,
17,44848293,314,107,
17,44848782,961,410,
17,44848821,29,2,
17,44849129,266,70,
17,44849834,66,91,
17,44850260,239,57,
17,44850681,355,113,
17,44850913,693,240,
17,44850976,44,61,
17,44851019,169,222,
17,44851181,233,153,
17,44852058,34,12,
17,44852582,143,32,
17,44853064,347,81,
17,44854171,157,104,
17,44854498,60,6,
17,44854518,368,233,
17,44854686,123,52,
17,44855079,658,334,
17,44855157,466,127,
17,44855690,486,97,
17,44856046,117,53,
17,44857100,95,28,
17,44857267,34,6,
17,44857643,107,107,
17,44858371,93,14,
17,44859049,279,108,
17,44859761,80,26,
17,44859849,23,4,
17,44860015,220,145,
17,44860080,141,39,
17,44860139,430,261,
17,44860732,96,21,
17,44860746,72,68,
17,44860847,147,80,
17,44860908,114,61,
17,44861106,513,270,
17,44861460,74,72,
17,44861521,228,237,
17,44861536,54,16,
17,44862414,195,55,
17,44862583,95,15,
17,44862861,84,21,
17,44863242,445,125,
17,44863409,239,69,
17,44863754,38,26,
17,44864134,1374,789,
17,44864141,30,7,
17,44864185,837,503,
17,44864212,85,10,
17,44864680,163,129,
17,44865290,70,46,
17,44865400,25,5,
17,44865560,1453,1115,
17,44865813,178,121,
17,44865908,87,21,
17,44865997,113,41,
17,44866208,1100,851,
17,44866621,115,400,
17,44867238,172,89,
17,44867374,251,42,
17,44867842,15,1,
17,44868563,41,34,
17,44869188,65,53,
17,44869601,25,1,
17,44870137,213,63,
17,44870277,224,265,
17,44870445,158,105,
17,44870664,44,9,
17,44870895,198,93,
17,44870905,59,19,
17,44871093,33,1,
17,44871337,415,83,
17,44871901,137,52,
17,44872114,64,9,
17,44872313,479,324,
17,44872522,22,1,
17,44872578,47,3,
17,44872584,163,85,
17,44872948,107,36,
17,44872984,93,12,
17,44873103,21,20,
17,44873225,84,81,
17,44873341,116,42,
17,44873635,130,62,
17,44874736,139,54,
17,44874838,11,2,
17,44875109,503,273,
17,44875137,155,222,
17,44875154,25,5,
17,44875270,309,229,
17,44875388,11,10,
17,44875440,64,33,
17,44875522,18,2,
17,44875837,25,5,
17,44875848,558,193,
17,44875961,374,152,
17,44875992,356,375,
17,44876075,67,143,
17,44876174,45,11,
17,44876346,173,44,
17,44876356,204,62,
17,44876844,91,25,
17,44877076,537,899,
17,44877201,137,64,
17,44877404,117,69,
17,44877567,6,0,
17,44878147,1312,690,
17,44878151,669,115,
17,44878257,72,24,
17,44878650,308,163,
17,44878887,16,3,
17,44878916,209,59,
17,44880081,65,45,
17,44880139,210,96,
17,44880401,311,94,
17,44880777,83,90,
17,44881109,77,18,
17,44881287,145,85,
17,44881638,29,9,
17,44882438,129,46,
17,44882441,145,42,
17,44882754,30,4,
17,44883256,105,72,
17,44883281,15,6,
17,44883304,579,116,
17,44883634,829,243,
17,44884077,94,52,
17,44884091,91,28,
17,44884546,65,23,
17,44884709,432,295,
17,44884857,11,1,
17,44885127,45,48,
17,44885398,763,529,
17,44885821,187,185,
17,44886202,166,43,
17,44886647,1013,323,
17,44886913,423,599,
17,44886997,320,298,
17,44887490,13,1,
17,44887643,42,15,
17,44887744,151,15,19
17,44887853,287,235,
17,44887965,259,83,
17,44888167,80,14,
17,44888184,13,10,
17,44888210,96,30,
17,44888236,208,293,
17,44888445,315,72,
17,44888548,124,48,
17,44888847,76,61,
17,44889132,33,4,26
17,44889163,117,8,
17,44889354,180,67,
17,44889359,116,39,
17,44889580,343,163,
17,44889627,645,352,
17,44889673,101,38,
17,44889715,206,201,
17,44889874,43,13,
17,44889941,792,295,
17,44890012,165,78,
17,44891090,112,92,
17,44891182,115,201,
17,44891302,153,30,
17,44891596,89,105,20
17,44891759,380,285,
17,44892080,13,8,10
17,44892209,749,460,
17,44892283,477,829,
17,44893045,49,73,
17,44893118,108,12,
17,44893254,392,241,
17,44893522,83,41,
17,44893600,172,121,
17,44893717,77,3,
17,44894827,14,4,
17,44894910,370,362,
17,44894983,24,2,
17,44895037,21,0,
17,44895182,32,39,
17,44895222,155,92,
17,44895270,138,77,
17,44895497,161,116,
17,44895666,9,0,
17,44896085,256,266,
17,44896433,261,134,
17,44896489,163,44,
17,44896529,17,3,
17,44896690,32,9,
17,44896880,14,1,
17,44897043,14,3,
17,44897098,75,40,
17,44897271,13,6,
17,44897998,40,12,
17,44898242,141,133,
17,44898300,381,129,
17,44898560,68,22,
17,44899339,224,57,
17,44899415,196,128,
17,44899488,194,59,
17,44899516,74,30,
17,44899685,319,380,
17,44899935,163,91,
17,44899999,442,338,
17,44900023,25,5,14
17,44900084,77,57,
17,44900116,828,483,
17,44900302,315,475,
17,44900340,208,177,
17,44900455,132,93,
17,44900918,8,0,
17,44901330,307,134,
17,44901387,63,117,
17,44901528,71,55,
17,44901683,350,91,
17,44901853,276,75,
17,44902127,411,89,
17,44902148,800,309,
17,44902227,36,14,
17,44902763,101,154,
17,44902797,1089,896,
17,44903227,13,0,
17,44903265,35,12,
17,44903331,36,7,
17,44903803,924,604,
17,44903923,27,6,
17,44903995,33,4,
17,44904608,10,0,
17,44904667,37,8,
17,44904742,15,3,24
17,44904869,127,65,
17,44904974,35,25,
17,44904993,178,30,
17,44905631,26,4,
17,44905808,424,220,
17,44906305,449,309,
17,44906529,24,4,
17,44906662,187,63,
17,44906762,30,35,
17,44906918,121,67,
17,44907133,5,0,
17,44907358,61,36,
17,44907366,89,46,
17,44907460,28,0,
17,44907531,221,262,
17,44907569,110,72,
17,44907632,10,0,
17,44907660,155,150,
17,44908610,92,56,
17,44909133,158,63,
17,44909150,9,5,
17,44909416,6,0,
17,44909488,38,25,
17,44909720,5,0,
17,44909911,7,1,
17,44910393,157,150,
17,44910671,38,5,
17,44910719,83,24,
17,44910865,624,172,
17,44911069,192,230,
17,44911169,212,56,
17,44911412,171,86,
17,44911423,705,434,
17,44911538,90,80,
17,44911554,33,4,
17,44911560,182,98,
17,44911571,102,18,
17,44911582,26,0,
17,44911653,10,1,
17,44911941,173,294,
17,44912646,178,168,
17,44912727,82,26,
17,44912861,350,457,
17,44912881,3,0,
17,44913081,105,146,
17,44913340,309,185,
17,44913359,360,108,
17,44913587,8,0,15
17,44913663,351,144,
17,44913682,99,33,
17,44913782,6,0,
17,44913996,4,0,
17,44914040,70,68,
17,44914061,487,197,
17,44914149,155,46,
17,44914153,113,244,
17,44914220,3,0,
17,44914362,5,0,
17,44914671,37,10,
17,44914773,164,146,
17,44915164,430,119,
17,44915187,209,78,
17,44915206,110,51,
17,44915220,54,11,
17,44915228,4,0,
17,44915380,6,0,
17,44915796,95,5,
17,44915824,219,162,
17,44915939,3,0,
17,44915993,75,29,
17,44916233,56,21,
17,44916258,3,0,
17,44916509,35,5,
17,44916694,4,1,
17,44916783,531,269,
17,44916813,256,421,
17,44916900,90,5,
17,44916908,16,1,
17,44916995,3,0,
17,44917308,202,294,
17,44917406,9,0,
17,44917450,107,31,
17,44917835,274,343,
17,44917922,77,31,
17,44917954,4,9,
17,44918060,148,144,
17,44918334,6,1,
17,44918708,12,18,
17,44918810,24,7,
17,44918907,17,7,
17,44919432,20,15,
17,44919527,4,0,
17,44919647,173,67,
17,44919771,24,14,
17,44919831,3,0,
17,44919891,480,251,
17,44919990,6,4,
17,44920344,11,0,
17,44920539,4,0,
17,44920810,7,2,
17,44920942,9,1,
17,44921040,10,0,
17,44921137,843,363,
17,44921142,124,102,
17,44921609,304,82,27
17,44921627,17,1,
17,44921780,7,0,
17,44921879,13,3,
17,44921945,175,298,
17,44921952,5,0,
17,44922020,242,101,
17,44922383,134,50,11
17,44922571,411,192,
17,44922814,12,1,
17,44922819,109,54,
17,44922848,5,0,
17,44922859,10,2,
17,44922897,27,8,
17,44922943,7,1,
17,44923226,7,0,
17,44923397,6,0,
17,44923404,40,24,
17,44923426,13,0,
17,44923451,8,2,
17,44923465,336,124,
17,44923743,21,2,
17,44923777,4,0,
17,44923962,104,34,
17,44924031,5,3,
17,44924036,8,2,
17,44924055,251,164,
17,44924254,13,2,
17,44924261,4,0,
17,44924409,73,79,
17,44924461,368,311,22
17,44924581,182,107,
17,44924594,10,3,
17,44924802,10,13,
17,44925066,5,1,
17,44925089,15,5,
17,44925123,115,12,
17,44925198,3,0,
17,44925333,14,2,
17,44925351,23,2,
17,44925380,476,194,
17,44925438,65,110,
17,44925466,93,95,
17,44925476,80,91,
17,44925526,12,0,
17,44925543,10,1,
17,44925597,88,23,
17,44925716,46,20,
17,44925822,16,12,
17,44925847,93,51,
17,44925853,98,20,
17,44925913,55,37,
17,44925966,105,58,
17,44925970,16,0,
17,44926143,17,7,
17,44926277,29,5,
17,44926414,138,19,30
17,44926430,12,5,
17,44926758,136,43,
17,44926785,72,48,
17,44926965,105,80,
17,44926982,21,14,
17,44926990,25,13,
17,44927119,5,0,
17,44927222,21,11,
17,44927244,196,96,21
17,44927271,163,63,24
17,44927432,9,5,
17,44927450,12,3,
17,44927596,72,11,
17,44927934,400,315,
17,44927944,19,1,
17,44927953,46,8,
17,44928088,40,19,
17,44928224,3,0,
17,44928497,230,185,
17,44928543,5,1,
17,44928632,22,12,
17,44928643,7,0,
17,44928655,5,1,
17,44928786,11,3,
17,44928829,22,9,
17,44928893,6,2,
17,44928997,137,21,16
17,44929260,306,184,
17,44929424,88,24,18
17,44929453,14,1,
17,44929478,154,35,12
17,44929630,86,16,
17,44929648,5,0,
17,44929911,10,1,
17,44929922,6,0,
17,44930044,10,1,
17,44930111,29,13,25
17,44930186,304,270,3
17,44930222,116,198,9
17,44930625,35,7,14
17,44930808,276,104,1
17,44930876,23,8,
17,44931106,14,2,
17,44931222,9,0,
17,44931311,13,4,
17,44931321,58,36,7
17,44931368,95,11,5
17,44931383,106,93,
17,44931415,88,71,
17,44931458,19,1,
17,44931666,85,20,3
17,44931763,92,94,17
17,44931768,8,0,
17,44932040,22,4,26
17,44932200,62,23,2
17,44932227,8,1,
17,44932342,16,12,8
17,44932375,24,18,6
17,44932398,31,6,21
17,44932442,4,0,
17,44932487,77,64,
17,44932565,20,4,6
17,44932980,13,3,9
17,44933030,8,0,
17,44933032,9,0,
17,44933063,5,0,
18,44812613,120,54,
18,44819037,289,177,
18,44819917,989,789,
18,44819968,247,174,
18,44821434,286,93,
18,44821848,82,13,
18,44822637,216,205,
18,44822730,154,68,
18,44823272,98,63,
18,44824088,96,14,
18,44824321,98,65,
18,44824811,50,4,
18,44833869,119,33,
18,44834918,219,36,
18,44835879,1127,218,
18,44836294,331,81,
18,44837124,78,32,
18,44837434,251,42,
18,44837949,136,164,
18,44839496,98,50,
18,44839575,156,39,
18,44840013,1123,285,
18,44840573,151,209,
18,44840654,146,36,
18,44841262,494,447,
18,44841741,228,150,
18,44841891,100,233,
18,44842114,178,105,
18,44842442,86,46,
18,44843223,189,199,
18,44843586,206,111,
18,44843605,226,140,
18,44844394,183,43,
18,44844733,58,34,
18,44844903,85,9,
18,44845251,191,238,
18,44845272,197,73,
18,44845787,273,126,
18,44846281,779,160,
18,44846318,607,133,
18,44846781,226,54,
18,44846871,409,227,
18,44846922,429,115,
18,44847001,162,31,
18,44847334,109,21,
18,44847903,71,40,
18,44848293,314,107,
18,44848782,961,410,
18,44848821,29,2,
18,44849129,266,70,
18,44849834,66,91,
18,44850260,239,57,
18,44850913,693,240,
18,44850976,44,61,
18,44851019,169,222,
18,44851181,233,153,
18,44852058,34,12,
18,44852582,143,32,
18,44853064,347,81,
18,44854171,157,104,
18,44854498,60,6,
18,44854518,368,233,
18,44854686,123,52,
18,44855079,658,334,
18,44855157,466,127,
18,44855690,486,97,
18,44856046,117,53,
18,44857100,95,28,
18,44857267,34,6,
18,44857643,107,107,
18,44858371,93,14,
18,44859049,279,108,
18,44859761,80,26,
18,44859849,23,4,
18,44860015,220,145,
18,44860080,141,39,
18,44860139,431,261,
18,44860732,96,21,
18,44860847,147,80,
18,44860908,114,61,
18,44861106,514,270,
18,44861460,74,72,
18,44861521,228,237,
18,44861536,54,16,
18,44862414,195,55,
18,44862583,95,15,
18,44862861,84,21,
18,44863242,445,125,
18,44863409,239,69,
18,44863754,38,26,
18,44864134,1374,789,
18,44864141,30,7,
18,44864185,837,503,
18,44864212,85,10,
18,44864680,163,129,
18,44865290,70,46,
18,44865400,25,5,
18,44865560,1454,1115,
18,44865813,178,121,
18,44865908,87,21,
18,44865997,113,41,
18,44866208,1100,851,
18,44867238,172,89,
18,44867374,251,42,
18,44867842,15,1,
18,44868563,41,34,
18,44869188,65,53,
18,44869601,25,1,
18,44870277,224,265,
18,44870445,158,105,
18,44870664,44,9,
18,44870895,198,93,
18,44870905,59,19,
18,44871093,33,1,
18,44871337,415,83,
18,44871901,137,52,
18,44872114,64,9,
18,44872313,479,324,
18,44872522,22,1,
18,44872578,47,3,
18,44872584,163,86,
18,44872948,107,36,
18,44872984,93,12,
18,44873103,21,20,
18,44873225,84,81,
18,44873341,116,42,
18,44873635,130,62,
18,44874736,139,54,
18,44874838,11,2,
18,44875109,503,273,
18,44875137,155,222,
18,44875154,25,5,
18,44875270,309,229,
18,44875388,11,10,
18,44875440,64,33,
18,44875522,18,2,
18,44875837,25,5,
18,44875848,559,193,
18,44875961,374,152,
18,44875992,357,375,
18,44876075,67,143,
18,44876174,45,11,
18,44876346,173,44,
18,44876356,204,62,
18,44876844,91,25,
18,44877076,537,899,
18,44877201,138,64,
18,44877404,117,69,
18,44877567,6,0,
18,44878147,1313,690,
18,44878151,672,116,
18,44878257,72,24,
18,44878650,308,163,
18,44878887,16,3,
18,44878916,209,59,
18,44880081,65,45,
18,44880139,210,96,
18,44880401,311,94,
18,44880777,83,90,
18,44881109,77,18,
18,44881287,145,85,
18,44881638,29,9,
18,44882438,129,46,
18,44882441,145,42,
18,44882754,30,4,
18,44883256,105,72,
18,44883281,15,6,
18,44883304,580,116,
18,44883634,830,243,
18,44884077,94,52,
18,44884091,91,28,
18,44884546,65,23,
18,44884709,433,295,
18,44884857,11,1,
18,44885127,45,49,
18,44885398,764,529,
18,44885821,187,185,
18,44886202,167,44,
18,44886647,1014,323,
18,44886913,424,599,
18,44886997,323,300,
18,44887490,14,1,
18,44887643,44,15,
18,44887744,154,18,23
18,44887853,287,235,
18,44887965,259,83,
18,44888167,80,14,
18,44888184,13,10,
18,44888210,96,30,
18,44888236,208,293,
18,44888445,315,72,
18,44888548,125,48,
18,44888847,76,61,
18,44889132,37,4,29
18,44889163,118,8,
18,44889354,180,67,
18,44889359,116,39,
18,44889580,343,163,
18,44889627,646,352,
18,44889673,101,40,
18,44889715,206,201,
18,44889874,43,13,
18,44889941,793,295,
18,44890012,165,78,
18,44891090,112,92,
18,44891302,153,30,
18,44891596,92,109,24
18,44891759,381,285,
18,44892209,750,460,
18,44892283,479,832,
18,44893045,49,79,
18,44893118,109,11,
18,44893254,393,241,
18,44893522,83,41,
18,44893600,172,121,
18,44893717,77,3,
18,44894827,15,4,
18,44894910,371,362,
18,44894983,24,2,
18,44895037,21,0,
18,44895182,32,39,
18,44895222,155,92,
18,44895270,138,77,
18,44895497,161,116,
18,44895666,9,0,
18,44896085,256,266,
18,44896433,261,134,
18,44896489,163,44,
18,44896529,17,3,
18,44896690,32,9,
18,44896880,14,1,
18,44897043,14,3,
18,44897098,75,40,
18,44897271,13,6,
18,44897998,40,12,
18,44898242,141,133,
18,44898300,382,129,
18,44898560,69,22,
18,44899339,224,57,
18,44899415,196,128,
18,44899488,194,59,
18,44899516,74,31,
18,44899685,319,380,
18,44899935,163,91,
18,44899999,443,338,
18,44900023,26,6,19
18,44900029,6,0,18
18,44900084,77,57,
18,44900116,829,484,
18,44900302,315,475,
18,44900340,208,177,
18,44900455,132,93,
18,44900918,8,0,
18,44901330,307,134,
18,44901387,63,117,
18,44901528,71,55,
18,44901683,350,91,
18,44901853,276,75,
18,44902127,412,89,
18,44902148,800,309,
18,44902227,36,14,
18,44902763,101,154,
18,44902797,1090,899,
18,44903227,13,0,
18,44903265,35,12,
18,44903331,36,7,
18,44903803,926,604,
18,44903923,28,6,
18,44903995,33,4,
18,44904667,37,8,
18,44904742,17,4,28
18,44904869,127,65,
18,44904974,35,25,
18,44904993,178,30,
18,44905631,26,4,
18,44905808,424,220,
18,44906305,449,309,
18,44906529,24,4,
18,44906662,187,63,
18,44906762,30,35,
18,44906918,121,67,
18,44907133,5,0,
18,44907358,61,36,
18,44907366,89,46,
18,44907460,28,0,
18,44907531,221,262,
18,44907569,110,72,
18,44907632,10,0,
18,44907660,155,150,
18,44908610,92,56,
18,44909133,158,63,
18,44909150,9,5,
18,44909416,6,0,
18,44909488,38,25,
18,44909720,5,0,
18,44909911,7,1,
18,44910393,157,150,
18,44910671,38,5,
18,44910719,83,24,
18,44910865,627,172,
18,44911069,192,230,
18,44911169,212,56,
18,44911412,171,88,
18,44911423,705,434,
18,44911538,90,80,
18,44911554,33,4,
18,44911560,182,98,
18,44911571,102,18,
18,44911582,26,0,
18,44911653,10,1,
18,44911941,173,294,
18,44912646,178,169,
18,44912727,82,26,
18,44912861,351,457,
18,44913081,106,147,
18,44913340,309,185,
18,44913359,361,108,
18,44913587,10,2,18
18,44913663,351,144,
18,44913682,99,33,
18,44913782,6,0,
18,44913996,4,0,
18,44914040,70,68,
18,44914061,488,197,
18,44914149,155,46,
18,44914153,113,244,
18,44914220,3,0,
18,44914362,5,0,
18,44914671,37,10,
18,44914773,164,146,
18,44915164,431,119,
18,44915187,209,78,
18,44915206,111,51,
18,44915220,54,11,
18,44915228,4,0,
18,44915380,6,0,
18,44915796,95,5,
18,44915824,219,164,
18,44915939,3,0,
18,44915993,75,29,
18,44916233,56,21,
18,44916258,3,0,
18,44916509,35,5,
18,44916694,4,1,
18,44916783,533,272,
18,44916813,256,421,
18,44916900,90,5,
18,44916908,16,1,
18,44916995,3,0,
18,44917308,203,295,
18,44917406,9,0,
18,44917450,107,31,
18,44917835,275,346,
18,44917922,77,31,
18,44917954,4,9,
18,44918060,148,144,
18,44918334,6,1,
18,44918708,12,18,
18,44918810,24,7,
18,44918907,17,7,
18,44919432,20,15,
18,44919527,4,0,
18,44919647,174,67,
18,44919771,24,15,
18,44919831,4,0,
18,44919891,483,251,
18,44919990,6,4,
18,44920344,11,0,
18,44920539,4,0,
18,44920810,7,2,
18,44921040,11,0,
18,44921137,847,365,
18,44921142,124,103,
18,44921609,304,83,
18,44921627,17,1,
18,44921780,7,0,
18,44921879,13,3,
18,44921945,175,298,
18,44922020,242,101,
18,44922383,141,55,16
18,44922571,413,192,
18,44922814,12,1,
18,44922819,109,54,
18,44922848,5,0,
18,44922859,10,2,
18,44922897,27,8,
18,44922943,7,1,
18,44923226,7,0,
18,44923397,6,0,
18,44923404,40,24,
18,44923426,13,0,
18,44923451,8,2,
18,44923465,336,124,
18,44923743,22,2,
18,44923777,4,0,
18,44923962,105,34,
18,44924031,5,3,
18,44924036,8,2,
18,44924055,252,166,
18,44924254,13,2,
18,44924261,4,0,
18,44924409,73,83,
18,44924461,373,312,26
18,44924581,182,108,
18,44924594,10,3,
18,44924802,10,13,
18,44925066,5,1,
18,44925089,15,5,
18,44925123,116,12,
18,44925198,3,0,
18,44925333,15,2,
18,44925351,23,2,
18,44925380,478,195,
18,44925438,66,112,
18,44925466,93,95,
18,44925476,80,91,
18,44925526,12,0,
18,44925543,10,1,
18,44925597,89,23,
18,44925716,46,20,
18,44925822,16,12,
18,44925847,94,51,
18,44925853,98,21,
18,44925913,55,37,
18,44925966,106,59,
18,44925970,16,0,
18,44926143,17,7,
18,44926277,30,5,
18,44926414,138,19,
18,44926430,13,5,
18,44926758,136,45,
18,44926785,74,48,
18,44926965,105,83,
18,44926982,21,15,
18,44926990,25,13,
18,44927119,5,0,
18,44927222,21,11,
18,44927244,198,97,27
18,44927271,165,65,30
18,44927432,9,5,
18,44927450,12,3,
18,44927596,75,11,
18,44927934,403,317,
18,44927944,19,1,
18,44927953,46,8,
18,44928088,40,19,
18,44928224,3,0,
18,44928497,233,187,
18,44928543,5,1,
18,44928632,22,12,
18,44928643,8,0,
18,44928655,5,1,
18,44928786,12,3,
18,44928829,22,9,
18,44928893,6,2,
18,44928997,142,23,20
18,44929260,312,187,
18,44929424,96,27,22
18,44929453,14,1,
18,44929478,159,35,17
18,44929630,88,16,
18,44929648,5,0,
18,44929911,10,1,
18,44929922,6,0,
18,44930044,10,1,
18,44930111,29,14,
18,44930186,333,297,5
18,44930222,125,223,14
18,44930625,40,9,21
18,44930808,291,112,2
18,44930876,26,8,
18,44931106,15,2,
18,44931222,10,0,
18,44931264,6,1,
18,44931311,15,5,
18,44931321,69,41,9
18,44931368,102,12,7
18,44931383,108,98,
18,44931415,90,78,
18,44931458,22,1,
18,44931666,106,28,4
18,44931740,6,6,
18,44931753,4,0,
18,44931763,112,127,
18,44931768,8,0,
18,44931824,18,2,29
18,44931980,3,1,
18,44932019,3,0,
18,44932040,25,5,
18,44932134,13,3,
18,44932200,88,43,3
18,44932227,10,2,
18,44932342,22,20,12
18,44932375,32,24,10
18,44932398,39,9,25
18,44932442,6,0,
18,44932487,90,72,
18,44932565,31,14,8
18,44932980,34,4,9
18,44933030,17,0,
18,44933032,12,0,
18,44933036,4,0,
18,44933063,5,0,
18,44933070,23,8,11
18,44933158,7,0,
18,44933179,19,8,12
18,44933219,25,1,8
18,44933255,75,23,1
18,44933297,20,9,26
18,44933326,6,1,28
18,44933373,7,0,
18,44933391,3,0,
18,44933401,66,23,7
18,44933435,60,14,2
18,44933452,25,3,2
18,44933652,3,0,
19,44812613,120,54,
19,44819037,289,177,
19,44819917,989,789,
19,44819968,247,174,
19,44821434,286,93,
19,44821848,82,13,
19,44822637,216,205,
19,44822730,154,68,
19,44823272,98,63,
19,44824088,96,14,
19,44824321,98,65,
19,44824811,50,4,
19,44833869,119,33,
19,44834918,219,36,
19,44835879,1127,218,
19,44836294,331,81,
19,44837124,78,32,
19,44837434,251,42,
19,44837949,136,164,
19,44839496,98,50,
19,44839575,156,39,
19,44840013,1123,285,
19,44840573,151,209,
19,44840654,146,36,
19,44841262,494,447,
19,44841891,100,233,
19,44842114,178,105,
19,44842442,86,46,
19,44843223,189,199,
19,44843586,206,111,
19,44843605,226,140,
19,44844394,183,43,
19,44844733,58,34,
19,44844903,85,9,
19,44845251,191,238,
19,44845272,197,73,
19,44845787,273,126,
19,44846281,779,160,
19,44846318,607,133,
19,44846781,226,54,
19,44846871,409,227,
19,44846922,429,115,
19,44847001,162,31,
19,44847334,109,21,
19,44847903,71,40,
19,44848293,314,107,
19,44848782,961,410,
19,44848821,29,2,
19,44849129,266,70,
19,44849834,66,91,
19,44850260,239,57,
19,44850913,693,240,
19,44850976,44,61,
19,44851019,169,222,
19,44851181,233,153,
19,44852058,34,12,
19,44852582,143,32,
19,44853064,347,81,
19,44854171,157,104,
19,44854498,60,6,
19,44854518,368,233,
19,44854686,123,52,
19,44855079,658,334,
19,44855157,466,127,
19,44855690,486,97,
19,44857100,95,28,
19,44857267,34,6,
19,44857643,107,107,
19,44858371,93,14,
19,44859049,279,108,
19,44859761,80,26,
19,44859849,23,4,
19,44860015,220,145,
19,44860080,141,39,
19,44860139,431,261,
19,44860732,96,21,
19,44860847,147,80,
19,44860908,114,61,
19,44861106,514,270,
19,44861460,74,72,
19,44861521,228,237,
19,44861536,54,16,
19,44862414,195,55,
19,44862583,95,15,
19,44862861,84,21,
19,44863242,445,125,
19,44863409,239,69,
19,44863754,38,26,
19,44864134,1374,789,
19,44864141,30,7,
19,44864185,838,503,
19,44864212,85,10,
19,44864680,163,129,
19,44865290,70,46,
19,44865400,25,5,
19,44865560,1454,1115,
19,44865813,178,121,
19,44865908,87,21,
19,44865997,113,41,
19,44866208,1100,851,
19,44867238,172,89,
19,44867374,251,42,
19,44868563,41,34,
19,44869188,65,53,
19,44869601,25,1,
19,44870277,224,265,
19,44870445,158,105,
19,44870664,44,9,
19,44870895,198,93,
19,44870905,59,19,
19,44871093,33,1,
19,44871337,415,83,
19,44871901,137,52,
19,44872114,64,9,
19,44872313,479,324,
19,44872522,22,1,
19,44872578,47,3,
19,44872584,163,86,
19,44872948,107,36,
19,44872984,93,12,
19,44873103,21,20,
19,44873225,84,81,
19,44873341,116,42,
19,44873635,130,62,
19,44874736,139,54,
19,44874838,11,2,
19,44875109,503,271,
19,44875137,155,222,
19,44875154,25,5,
19,44875270,309,229,
19,44875388,11,10,
19,44875440,64,33,
19,44875522,18,2,
19,44875837,25,5,
19,44875848,560,193,
19,44875961,374,152,
19,44875992,357,375,
19,44876075,67,143,
19,44876174,45,11,
19,44876346,173,44,
19,44876356,204,62,
19,44876844,91,25,
19,44877076,537,899,
19,44877201,138,64,
19,44877404,117,69,
19,44877567,6,0,
19,44878147,1313,690,
19,44878151,673,116,
19,44878257,72,24,
19,44878650,308,163,
19,44878887,16,3,
19,44878916,209,59,
19,44880081,65,45,
19,44880139,210,96,
19,44880401,311,94,
19,44880777,83,90,
19,44881109,77,18,
19,44881287,145,85,
19,44881638,29,9,
19,44882438,129,46,
19,44882441,145,42,
19,44882754,30,4,
19,44883256,105,72,
19,44883281,15,6,
19,44883304,580,116,
19,44883634,830,243,
19,44884077,94,52,
19,44884091,91,28,
19,44884546,65,23,
19,44884709,433,295,
19,44884857,11,1,
19,44885127,45,52,
19,44885398,764,529,
19,44885821,187,185,
19,44886202,168,45,
19,44886647,1014,323,
19,44886913,424,599,
19,44886997,326,302,
19,44887490,14,1,
19,44887643,45,15,
19,44887744,160,19,27
19,44887853,287,235,
19,44887965,259,83,
19,44888167,80,14,
19,44888184,13,10,
19,44888210,96,30,
19,44888236,208,293,
19,44888445,315,72,
19,44888548,125,48,
19,44888847,76,61,
19,44889132,38,4,
19,44889163,118,8,
19,44889354,180,67,
19,44889359,116,39,
19,44889580,343,163,
19,44889627,646,352,
19,44889673,102,40,
19,44889715,206,201,
19,44889874,43,13,
19,44889941,793,295,
19,44890012,165,78,
19,44891090,112,92,
19,44891302,153,30,
19,44891596,98,116,28
19,44891759,381,285,
19,44892209,750,460,
19,44892283,480,833,
19,44893045,50,84,
19,44893118,109,11,
19,44893254,393,241,
19,44893522,83,41,
19,44893600,172,121,
19,44894827,15,4,
19,44894910,371,362,
19,44894983,24,2,
19,44895037,21,0,
19,44895182,32,39,
19,44895222,155,92,
19,44895270,138,77,
19,44895497,161,116,
19,44895666,9,0,
19,44896085,256,266,
19,44896433,261,134,
19,44896489,163,44,
19,44896529,17,3,
19,44896690,32,9,
19,44896880,14,1,
19,44897043,14,3,
19,44897098,75,41,
19,44897271,13,6,
19,44897998,40,12,
19,44898242,141,133,
19,44898300,382,129,
19,44898560,69,22,
19,44899339,224,57,
19,44899415,196,128,
19,44899488,194,59,
19,44899516,74,31,
19,44899685,319,380,
19,44899935,163,91,
19,44899999,443,338,
19,44900023,31,8,22
19,44900029,7,0,16
19,44900084,77,57,
19,44900116,831,488,
19,44900302,315,475,
19,44900340,208,177,
19,44900455,132,93,
19,44900918,8,0,
19,44901330,307,134,
19,44901387,63,117,
19,44901528,71,55,
19,44901683,350,91,
19,44901853,276,75,
19,44902127,412,89,
19,44902148,800,310,
19,44902227,36,14,
19,44902763,101,154,
19,44902797,1090,899,
19,44903227,13,0,
19,44903265,35,12,
19,44903331,36,7,
19,44903803,926,605,
19,44903923,28,6,
19,44903995,33,4,
19,44904667,37,8,
19,44904742,20,4,30
19,44904869,127,65,
19,44904974,35,25,
19,44904993,178,30,
19,44905631,26,4,
19,44905808,424,220,
19,44906305,449,310,
19,44906529,24,4,
19,44906662,187,63,
19,44906762,30,35,
19,44906918,121,67,
19,44907133,5,0,
19,44907358,61,36,
19,44907366,89,46,
19,44907460,28,0,
19,44907531,221,264,
19,44907569,110,72,
19,44907632,10,0,
19,44907660,155,150,
19,44908610,92,57,
19,44909133,158,63,
19,44909416,6,0,
19,44909488,38,25,
19,44909720,5,0,
19,44909911,7,1,
19,44910393,157,150,
19,44910671,38,5,
19,44910719,83,24,
19,44910865,627,172,
19,44911069,192,230,
19,44911169,212,56,
19,44911412,171,88,
19,44911423,705,434,
19,44911538,90,80,
19,44911554,33,4,
19,44911560,182,98,
19,44911571,104,18,
19,44911582,26,0,
19,44911653,10,1,
19,44911941,173,296,
19,44912646,178,169,
19,44912727,82,26,
19,44912861,352,459,
19,44913081,107,147,
19,44913340,309,185,
19,44913359,361,108,
19,44913587,12,3,19
19,44913663,352,144,
19,44913682,99,33,
19,44914040,70,68,
19,44914061,488,197,
19,44914149,156,49,
19,44914153,113,244,
19,44914671,37,10,
19,44914773,164,146,
19,44915164,431,119,
19,44915187,209,78,
19,44915206,111,51,
19,44915220,54,11,
19,44915228,4,0,
19,44915380,6,0,
19,44915796,96,5,
19,44915824,219,164,
19,44915939,3,0,
19,44915993,75,29,
19,44916233,56,21,
19,44916258,3,0,
19,44916509,36,5,
19,44916694,4,1,
19,44916783,534,273,
19,44916813,256,421,
19,44916900,90,5,
19,44916908,16,1,
19,44916995,3,0,
19,44917308,203,296,
19,44917406,9,0,
19,44917450,107,31,
19,44917835,275,346,
19,44917922,77,31,
19,44917954,4,9,
19,44918060,148,144,
19,44918334,6,1,
19,44918708,12,18,
19,44918810,24,7,
19,44918907,17,7,
19,44919432,20,15,
19,44919527,4,0,
19,44919647,174,67,
19,44919831,5,0,14
19,44919891,484,252,
19,44919990,6,4,
19,44920344,11,0,
19,44920539,4,0,
19,44920810,7,2,
19,44921040,11,0,
19,44921137,849,369,
19,44921142,124,104,
19,44921609,304,83,
19,44921627,17,1,
19,44921780,7,0,
19,44921879,13,3,
19,44921945,175,300,
19,44922020,242,101,
19,44922383,149,60,20
19,44922571,416,192,
19,44922814,12,1,
19,44922819,109,54,
19,44922848,5,0,
19,44922859,10,2,
19,44922897,27,8,
19,44922943,7,1,
19,44923226,7,0,
19,44923397,6,0,
19,44923404,40,24,
19,44923426,13,0,
19,44923451,8,2,
19,44923465,336,128,
19,44923743,22,2,
19,44923777,4,0,
19,44923962,105,34,
19,44924031,5,3,
19,44924036,8,2,
19,44924055,252,166,
19,44924254,13,2,
19,44924261,4,0,
19,44924409,73,83,
19,44924461,375,314,
19,44924581,182,110,
19,44924802,10,13,
19,44925066,5,1,
19,44925089,15,6,
19,44925123,116,12,
19,44925198,3,0,
19,44925333,15,2,
19,44925351,23,2,
19,44925380,480,197,
19,44925438,67,113,
19,44925466,94,96,
19,44925476,81,91,
19,44925526,12,0,
19,44925543,10,1,
19,44925597,90,23,
19,44925716,46,20,
19,44925822,16,13,
19,44925847,94,51,
19,44925853,99,22,
19,44925913,56,37,
19,44925966,106,59,
19,44925970,17,0,
19,44926143,17,7,
19,44926277,30,5,
19,44926414,138,19,
19,44926430,13,5,
19,44926758,137,45,
19,44926785,75,48,
19,44926965,107,85,
19,44926982,21,15,
19,44926990,25,13,
19,44927119,5,0,
19,44927222,21,11,
19,44927244,201,98,
19,44927271,169,65,
19,44927432,9,5,
19,44927450,12,3,
19,44927596,77,11,
19,44927934,407,321,
19,44927944,19,1,
19,44927953,46,8,
19,44928088,40,19,
19,44928224,3,0,
19,44928497,235,191,
19,44928543,5,1,
19,44928632,22,12,
19,44928643,8,1,
19,44928655,5,1,
19,44928786,13,3,
19,44928829,22,9,
19,44928893,6,2,
19,44928997,152,26,22
19,44929260,315,190,
19,44929424,100,27,25
19,44929453,14,1,
19,44929478,161,35,19
19,44929630,90,16,
19,44929648,5,0,
19,44929911,12,1,
19,44929922,6,0,
19,44930044,10,1,
19,44930111,30,14,
19,44930186,364,319,8
19,44930222,132,228,16
19,44930625,45,10,26
19,44930808,303,121,3
19,44930876,26,8,
19,44931030,4,0,
19,44931106,15,2,
19,44931222,10,0,
19,44931264,6,1,
19,44931311,15,6,
19,44931321,73,48,14
19,44931368,111,15,12
19,44931383,110,99,
19,44931415,90,83,
19,44931458,22,1,
19,44931666,118,33,6
19,44931740,7,6,
19,44931753,5,1,
19,44931763,118,132,
19,44931768,8,0,
19,44931824,51,8,22
19,44931980,3,1,
19,44932019,7,1,
19,44932040,25,6,
19,44932200,103,58,4
19,44932342,28,22,15
19,44932375,39,26,17
19,44932398,40,8,
19,44932442,6,0,
19,44932487,92,79,
19,44932565,37,20,11
19,44932651,20,7,15
19,44932980,58,6,8
19,44933030,18,0,
19,44933032,12,0,
19,44933036,4,0,
19,44933063,7,0,
19,44933070,71,27,4
19,44933158,7,0,
19,44933179,34,24,11
19,44933219,62,21,3
19,44933255,124,60,1
19,44933297,30,65,24
19,44933373,12,1,
19,44933391,7,1,
19,44933394,16,13,23
19,44933401,111,29,6
19,44933452,52,15,2
19,44933652,3,0,
19,44934093,11,0,19
19,44934207,3,0,
20,44812613,120,54,
20,44819037,289,177,
20,44819917,989,789,
20,44819968,247,174,
20,44821434,286,93,
20,44821848,82,13,
20,44822637,216,205,
20,44822730,154,68,
20,44823272,98,63,
20,44824088,96,14,
20,44824321,98,65,
20,44824811,50,4,
20,44833869,119,33,
20,44834918,219,36,
20,44835879,1127,218,
20,44836294,331,81,
20,44837124,78,32,
20,44837434,251,42,
20,44837949,136,164,
20,44839496,98,50,
20,44839575,156,39,
20,44840013,1123,285,
20,44840573,151,209,
20,44840654,146,36,
20,44841262,494,447,
20,44841741,228,150,
20,44841891,100,233,
20,44842114,178,105,
20,44842442,86,46,
20,44843223,189,199,
20,44843586,206,111,
20,44843605,226,140,
20,44844394,183,43,
20,44844733,58,34,
20,44844903,85,9,
20,44845251,191,238,
20,44845272,197,73,
20,44845787,273,126,
20,44846281,779,160,
20,44846318,607,133,
20,44846781,226,54,
20,44846871,409,227,
20,44846922,429,115,
20,44847001,162,31,
20,44847334,109,21,
20,44847903,71,40,
20,44848293,314,107,
20,44848782,962,410,
20,44848821,29,2,
20,44849129,266,70,
20,44849834,66,91,
20,44850260,239,57,
20,44850913,693,240,
20,44850976,44,61,
20,44851019,169,222,
20,44851181,233,153,
20,44852058,34,12,
20,44852582,143,32,
20,44853064,347,81,
20,44854171,157,104,
20,44854498,60,6,
20,44854518,368,233,
20,44854686,123,52,
20,44855079,658,334,
20,44855157,466,127,
20,44855690,486,97,
20,44857100,95,28,
20,44857267,34,6,
20,44857643,107,107,
20,44858371,93,14,
20,44859049,279,108,
20,44859761,80,26,
20,44859849,23,4,
20,44860015,220,145,
20,44860080,141,39,
20,44860139,431,261,
20,44860732,96,21,
20,44860847,147,80,
20,44860908,114,61,
20,44861106,514,270,
20,44861460,74,72,
20,44861521,228,237,
20,44861536,54,16,
20,44862414,195,55,
20,44862583,95,15,
20,44862861,84,21,
20,44863242,445,125,
20,44863409,239,69,
20,44863754,38,26,
20,44864134,1374,789,
20,44864141,30,7,
20,44864185,838,504,
20,44864212,85,10,
20,44864680,163,129,
20,44865290,70,46,
20,44865400,25,5,
20,44865560,1454,1115,
20,44865813,178,121,
20,44865908,87,21,
20,44865997,113,41,
20,44866208,1100,851,
20,44867238,172,89,
20,44867374,251,42,
20,44868563,41,34,
20,44869188,65,53,
20,44869601,25,1,
20,44870277,224,265,
20,44870445,158,105,
20,44870664,44,9,
20,44870895,198,93,
20,44870905,59,19,
20,44871093,33,1,
20,44871337,415,83,
20,44871901,137,52,
20,44872114,64,9,
20,44872313,479,324,
20,44872522,22,1,
20,44872578,47,3,
20,44872584,163,86,
20,44872948,107,36,
20,44872984,93,12,
20,44873103,21,20,
20,44873225,84,81,
20,44873341,116,42,
20,44873635,130,62,
20,44874736,139,54,
20,44874838,11,2,
20,44875109,503,271,
20,44875137,155,222,
20,44875154,25,5,
20,44875270,309,229,
20,44875388,11,10,
20,44875440,64,33,
20,44875522,18,2,
20,44875837,25,5,
20,44875848,560,193,
20,44875961,374,152,
20,44875992,357,375,
20,44876075,67,143,
20,44876174,45,11,
20,44876346,173,44,
20,44876356,204,62,
20,44876844,91,25,
20,44877076,537,901,
20,44877201,138,64,
20,44877404,117,69,
20,44877567,6,0,
20,44878147,1313,690,
20,44878151,673,116,
20,44878257,72,24,
20,44878650,308,163,
20,44878887,16,3,
20,44878916,209,59,
20,44880081,65,45,
20,44880139,210,96,
20,44880401,311,94,
20,44880777,83,90,
20,44881109,77,18,
20,44881287,145,85,
20,44881638,29,9,
20,44882438,129,46,
20,44882441,145,42,
20,44882754,30,4,
20,44883256,105,73,
20,44883281,15,6,
20,44883304,580,116,
20,44883634,830,243,
20,44884077,94,52,
20,44884091,91,28,
20,44884546,65,23,
20,44884709,433,295,
20,44884857,11,1,
20,44885127,46,52,
20,44885398,764,529,
20,44885821,187,185,
20,44886202,168,45,
20,44886647,1014,323,
20,44886913,424,599,
20,44886997,332,304,
20,44887490,14,1,
20,44887643,47,15,
20,44887744,163,19,
20,44887853,287,235,
20,44887965,259,83,
20,44888167,80,14,
20,44888184,13,10,
20,44888210,96,30,
20,44888236,208,293,
20,44888445,315,72,
20,44888548,125,48,
20,44888847,76,61,
20,44889132,38,4,
20,44889163,118,8,
20,44889354,180,67,
20,44889359,116,39,
20,44889580,343,163,
20,44889627,646,352,
20,44889673,102,41,
20,44889715,206,201,
20,44889874,43,13,
20,44889941,793,295,
20,44890012,165,78,
20,44891090,112,92,
20,44891302,153,30,
20,44891596,98,119,
20,44891759,381,285,
20,44892209,751,460,
20,44892283,480,836,
20,44893045,50,85,
20,44893118,111,11,
20,44893254,393,241,
20,44893522,83,41,
20,44893600,172,121,
20,44894827,15,4,
20,44894910,371,362,
20,44894983,24,2,
20,44895037,21,0,
20,44895222,155,92,
20,44895270,138,77,
20,44895497,161,116,
20,44895666,9,0,
20,44896085,256,266,
20,44896433,261,134,
20,44896489,163,44,
20,44896529,17,3,
20,44896690,32,9,
20,44896880,14,1,
20,44897043,14,3,
20,44897098,75,41,
20,44897271,13,6,
20,44897998,40,12,
20,44898242,141,133,
20,44898300,382,129,
20,44898560,69,22,
20,44899339,224,57,
20,44899415,196,128,
20,44899488,194,59,
20,44899516,74,31,
20,44899685,319,380,
20,44899935,163,91,
20,44899999,443,338,
20,44900023,35,13,27
20,44900029,9,0,23
20,44900084,77,57,
20,44900116,831,488,
20,44900302,315,475,
20,44900340,208,177,
20,44900455,132,93,
20,44900918,8,0,
20,44901330,307,134,
20,44901387,63,117,
20,44901528,71,55,
20,44901683,350,91,
20,44901853,276,75,
20,44902127,413,89,
20,44902148,800,310,
20,44902227,36,14,
20,44902763,101,154,
20,44902797,1090,899,
20,44903227,13,0,
20,44903265,35,12,
20,44903331,36,7,
20,44903803,926,606,
20,44903923,28,6,
20,44903995,33,4,
20,44904667,37,8,
20,44904742,20,4,
20,44904869,127,65,
20,44904974,35,25,
20,44904993,178,30,
20,44905631,26,4,
20,44905808,424,220,
20,44906305,449,311,
20,44906529,24,4,
20,44906662,187,63,
20,44906762,30,35,
20,44906918,121,67,
20,44907133,5,0,
20,44907358,61,36,
20,44907366,89,46,
20,44907460,28,0,
20,44907531,221,265,
20,44907569,110,72,
20,44907632,10,0,
20,44907660,155,150,
20,44908610,92,57,
20,44909133,158,63,
20,44909720,5,0,
20,44909911,7,1,
20,44910393,157,150,
20,44910671,38,5,
20,44910719,83,24,
20,44910865,627,173,
20,44911069,192,230,
20,44911169,212,56,
20,44911412,171,88,
20,44911423,705,434,
20,44911538,90,80,
20,44911554,33,4,
20,44911560,182,98,
20,44911571,104,18,
20,44911582,26,0,
20,44911653,10,1,
20,44911941,173,296,
20,44912646,178,170,
20,44912727,82,26,
20,44912861,352,460,
20,44913081,107,148,
20,44913340,309,185,
20,44913359,361,108,
20,44913587,15,3,26
20,44913663,352,144,
20,44913682,99,33,
20,44914040,70,68,
20,44914061,488,197,
20,44914149,157,49,
20,44914153,113,244,
20,44914362,7,1,18
20,44914671,37,10,
20,44914773,164,146,
20,44915164,431,119,
20,44915187,209,79,
20,44915206,111,51,
20,44915220,54,11,
20,44915228,4,0,
20,44915380,6,0,
20,44915796,96,5,
20,44915824,219,164,
20,44915939,3,0,
20,44915993,75,29,
20,44916233,56,21,
20,44916258,3,0,
20,44916509,36,5,
20,44916694,4,1,
20,44916783,534,274,
20,44916813,256,423,
20,44916900,90,5,
20,44916908,16,1,
20,44916995,3,0,
20,44917308,203,297,
20,44917406,9,0,
20,44917450,107,31,
20,44917835,275,346,
20,44917922,77,31,
20,44917954,4,9,
20,44918060,148,144,
20,44918334,6,1,
20,44918708,12,18,
20,44918810,24,7,
20,44919432,20,15,
20,44919527,4,0,
20,44919647,174,67,
20,44919831,8,0,15
20,44919891,487,252,
20,44919990,6,4,
20,44920344,11,0,
20,44920539,4,0,
20,44920810,7,2,
20,44921040,11,0,
20,44921137,854,370,
20,44921142,125,105,
20,44921609,305,83,
20,44921627,17,1,
20,44921780,7,0,
20,44921879,13,3,
20,44921945,175,301,
20,44922020,242,102,
20,44922383,158,64,25
20,44922571,416,192,
20,44922814,12,1,
20,44922819,109,54,
20,44922859,10,2,
20,44922897,27,8,
20,44923397,6,0,
20,44923404,40,24,
20,44923426,13,0,
20,44923451,8,2,
20,44923465,336,129,
20,44923743,22,2,
20,44923777,4,0,
20,44923962,106,34,
20,44924031,5,3,
20,44924036,8,2,
20,44924055,254,166,
20,44924254,13,2,
20,44924261,4,0,
20,44924409,73,83,
20,44924461,376,315,
20,44924581,182,110,
20,44924802,10,13,
20,44925066,5,1,
20,44925089,15,6,
20,44925123,117,12,
20,44925198,3,0,
20,44925333,15,2,
20,44925351,23,2,
20,44925380,481,200,
20,44925438,67,113,
20,44925466,94,96,
20,44925476,81,92,
20,44925526,12,0,
20,44925543,10,1,
20,44925597,91,23,
20,44925716,46,20,
20,44925822,16,13,
20,44925847,94,51,
20,44925853,100,24,
20,44925913,56,37,
20,44925966,106,60,
20,44925970,17,0,
20,44926143,17,7,
20,44926277,30,5,
20,44926414,138,19,
20,44926430,13,5,
20,44926758,137,45,
20,44926785,76,48,
20,44926965,107,85,
20,44926982,21,15,
20,44926990,25,13,
20,44927119,5,0,
20,44927222,21,11,
20,44927244,202,98,
20,44927271,171,65,
20,44927432,9,5,
20,44927450,12,3,
20,44927596,77,11,
20,44927934,410,328,
20,44927944,19,1,
20,44927953,46,8,
20,44928088,40,19,
20,44928224,3,0,
20,44928497,236,192,
20,44928543,6,1,
20,44928632,22,12,
20,44928643,8,1,
20,44928655,5,1,
20,44928786,14,3,
20,44928829,22,10,
20,44928893,6,2,
20,44928997,160,27,28
20,44929260,317,191,
20,44929424,104,27,30
20,44929453,14,1,
20,44929478,165,35,24
20,44929630,94,17,
20,44929648,5,0,
20,44929911,13,2,
20,44929922,6,0,
20,44930044,11,1,
20,44930111,31,16,
20,44930186,392,327,11
20,44930222,140,235,18
20,44930625,46,12,29
20,44930808,316,125,6
20,44930876,27,8,
20,44931030,4,0,
20,44931106,15,2,
20,44931222,10,0,
20,44931264,6,1,
20,44931311,15,6,
20,44931321,76,54,19
20,44931368,113,17,14
20,44931383,112,99,
20,44931415,90,86,
20,44931458,22,1,
20,44931666,126,34,9
20,44931740,8,7,
20,44931753,5,1,
20,44931763,127,137,
20,44931768,8,0,
20,44931824,86,19,17
20,44931980,3,1,
20,44932019,11,2,
20,44932040,26,6,
20,44932200,116,66,7
20,44932342,33,24,16
20,44932375,40,30,20
20,44932398,41,8,
20,44932442,6,0,
20,44932487,95,87,
20,44932565,42,21,15
20,44932624,4,0,
20,44932651,51,12,12
20,44932980,77,13,8
20,44933030,20,0,
20,44933032,14,1,
20,44933036,4,0,
20,44933063,9,0,
20,44933070,123,45,5
20,44933158,7,1,
20,44933179,43,52,13
20,44933219,88,45,4
20,44933255,159,87,1
20,44933297,33,75,
20,44933373,12,1,
20,44933391,8,3,
20,44933401,151,41,8
20,44933452,74,26,3
20,44933652,3,0,
20,44933724,3,1,
20,44934093,21,17,22
20,44934207,18,5,24
20,44934337,132,57,1
20,44934350,4,0,
20,44934518,50,3,2
20,44934571,5,1,
20,44934591,3,0,
21,44812613,120,54,
21,44819037,289,177,
21,44819917,989,789,
21,44819968,247,174,
21,44821434,286,93,
21,44821848,82,13,
21,44822637,216,205,
21,44822730,154,68,
21,44823272,98,63,
21,44824088,96,14,
21,44824321,98,65,
21,44824811,50,4,
21,44833869,119,33,
21,44834918,219,36,
21,44835879,1127,218,
21,44836294,331,81,
21,44837124,78,32,
21,44837434,251,42,
21,44837949,136,164,
21,44839496,98,50,
21,44839575,156,39,
21,44840013,1123,285,
21,44840573,151,209,
21,44840654,146,36,
21,44841262,494,447,
21,44841891,100,233,
21,44842114,178,105,
21,44842442,86,46,
21,44843223,189,199,
21,44843586,206,111,
21,44843605,226,140,
21,44844394,183,43,
21,44844733,58,34,
21,44844903,85,9,
21,44845251,191,238,
21,44845272,197,73,
21,44845787,273,126,
21,44846281,779,160,
21,44846318,607,133,
21,44846781,226,54,
21,44846871,409,227,
21,44846922,429,115,
21,44847001,162,31,
21,44847334,109,21,
21,44847903,71,40,
21,44848293,314,107,
21,44848782,962,410,
21,44848821,29,2,
21,44849129,266,70,
21,44849834,66,91,
21,44850260,239,57,
21,44850913,693,240,
21,44850976,44,61,
21,44851019,169,222,
21,44851181,233,153,
21,44852058,34,12,
21,44852582,143,32,
21,44853064,347,81,
21,44854171,157,104,
21,44854498,60,6,
21,44854518,368,233,
21,44854686,123,52,
21,44855079,658,334,
21,44855157,466,127,
21,44855690,486,97,
21,44857100,95,28,
21,44857267,34,6,
21,44857643,107,107,
21,44858371,93,14,
21,44859049,279,108,
21,44859761,80,26,
21,44860015,220,145,
21,44860080,141,39,
21,44860139,431,261,
21,44860732,96,21,
21,44860847,147,80,
21,44860908,114,61,
21,44861106,514,270,
21,44861460,74,72,
21,44861521,228,237,
21,44861536,54,16,
21,44862414,195,55,
21,44862583,95,15,
21,44862861,84,21,
21,44863242,445,125,
21,44863409,239,69,
21,44863754,38,26,
21,44864134,1374,789,
21,44864141,30,7,
21,44864185,838,504,
21,44864212,85,10,
21,44864680,163,129,
21,44865290,70,46,
21,44865400,25,5,
21,44865560,1454,1115,
21,44865813,178,121,
21,44865908,87,21,
21,44865997,113,41,
21,44866208,1100,851,
21,44867238,172,89,
21,44867374,251,42,
21,44868563,41,34,
21,44869188,65,53,
21,44869601,25,1,
21,44870277,224,265,
21,44870445,158,105,
21,44870664,44,9,
21,44870895,198,93,
21,44870905,59,19,
21,44871093,33,1,
21,44871337,415,83,
21,44871901,137,52,
21,44872114,64,9,
21,44872313,479,324,
21,44872522,22,1,
21,44872578,47,3,
21,44872584,163,86,
21,44872948,108,36,
21,44872984,93,12,
21,44873103,21,20,
21,44873225,84,81,
21,44873341,116,42,
21,44873635,130,62,
21,44874736,139,54,
21,44874838,11,2,
21,44875109,503,271,
21,44875137,155,222,
21,44875154,25,5,
21,44875270,310,229,
21,44875388,11,10,
21,44875440,64,33,
21,44875522,18,2,
21,44875837,25,5,
21,44875848,561,193,
21,44875961,374,152,
21,44875992,357,375,
21,44876075,67,143,
21,44876174,45,11,
21,44876346,174,44,
21,44876356,204,62,
21,44876844,91,25,
21,44877076,537,901,
21,44877201,138,64,
21,44877404,117,69,
21,44877567,6,0,
21,44878147,1313,690,
21,44878151,673,116,
21,44878257,72,24,
21,44878650,309,163,
21,44878887,16,3,
21,44878916,209,59,
21,44880081,65,45,
21,44880139,212,96,
21,44880401,312,94,
21,44880777,83,90,
21,44881109,78,18,
21,44881287,145,85,
21,44881638,29,9,
21,44882438,129,46,
21,44882441,145,42,
21,44882754,30,4,
21,44883256,105,73,
21,44883281,15,6,
21,44883304,580,116,
21,44883634,830,243,
21,44884077,94,52,
21,44884091,91,28,
21,44884546,65,23,
21,44884709,433,295,
21,44884857,11,1,
21,44885127,47,53,
21,44885398,764,529,
21,44885821,187,185,
21,44886202,169,45,
21,44886647,1014,323,
21,44886913,424,599,
21,44886997,335,305,
21,44887490,14,1,
21,44887643,48,15,
21,44887744,164,19,
21,44887853,287,235,
21,44887965,259,83,
21,44888167,80,14,
21,44888184,13,11,
21,44888210,96,30,
21,44888236,208,293,
21,44888445,316,72,
21,44888548,125,48,
21,44888847,76,61,
21,44889132,38,4,
21,44889163,118,8,
21,44889354,181,67,
21,44889359,116,39,
21,44889580,344,163,
21,44889627,646,352,
21,44889673,103,41,
21,44889715,206,201,
21,44889874,43,13,
21,44889941,794,295,
21,44890012,165,78,
21,44891090,112,92,
21,44891302,153,30,
21,44891596,101,120,
21,44891759,381,285,
21,44892209,751,460,
21,44892283,480,836,
21,44893045,50,86,
21,44893118,111,11,
21,44893254,393,241,
21,44893522,83,41,
21,44893600,172,121,
21,44894827,15,4,
21,44894910,371,362,
21,44894983,24,2,
21,44895037,21,0,
21,44895222,155,92,
21,44895270,138,77,
21,44895497,161,116,
21,44895666,9,0,
21,44896085,256,266,
21,44896433,261,135,
21,44896489,163,44,
21,44896529,17,3,
21,44896690,32,9,
21,44896880,14,1,
21,44897043,14,3,
21,44897098,75,41,
21,44897271,13,6,
21,44897998,40,12,
21,44898242,141,133,
21,44898300,382,129,
21,44898560,70,22,
21,44899339,224,57,
21,44899415,196,128,
21,44899488,194,59,
21,44899516,74,31,
21,44899685,320,381,
21,44899935,163,91,
21,44899999,443,338,
21,44900023,36,13,30
21,44900029,9,0,25
21,44900084,77,57,
21,44900116,831,488,
21,44900302,316,475,
21,44900340,208,177,
21,44900455,132,93,
21,44900918,8,0,
21,44901330,308,134,
21,44901387,63,117,
21,44901528,71,55,
21,44901683,351,91,
21,44901853,277,75,
21,44902127,413,89,
21,44902148,800,310,
21,44902227,36,14,
21,44902763,101,154,
21,44902797,1091,899,
21,44903227,13,0,
21,44903265,35,12,
21,44903331,36,7,
21,44903803,926,606,
21,44903923,28,6,
21,44903995,33,4,
21,44904667,37,8,
21,44904742,21,4,
21,44904869,127,65,
21,44904974,35,25,
21,44904993,178,30,
21,44905631,26,4,
21,44905808,425,220,
21,44906305,449,311,
21,44906529,24,4,
21,44906662,187,63,
21,44906762,30,35,
21,44906918,121,67,
21,44907358,62,36,
21,44907366,90,46,
21,44907460,28,0,
21,44907531,221,265,
21,44907569,110,72,
21,44907632,10,0,
21,44907660,155,150,
21,44908610,92,57,
21,44909133,158,63,
21,44910393,157,150,
21,44910671,38,5,
21,44910719,83,24,
21,44910865,627,173,
21,44911069,192,230,
21,44911169,212,56,
21,44911412,171,88,
21,44911423,706,434,
21,44911538,91,80,
21,44911554,33,4,
21,44911560,182,98,
21,44911571,104,18,
21,44911582,26,0,
21,44911653,10,1,
21,44911941,173,296,
21,44912646,179,170,
21,44912727,82,26,
21,44912861,353,460,
21,44913081,107,150,
21,44913340,310,185,
21,44913359,361,108,
21,44913587,19,4,22
21,44913663,353,144,
21,44913682,99,33,
21,44914040,70,68,
21,44914061,488,197,
21,44914149,158,49,
21,44914153,113,244,
21,44914362,20,7,9
21,44914671,37,10,
21,44914773,165,146,
21,44915164,431,119,
21,44915187,209,79,
21,44915206,111,51,
21,44915220,54,11,
21,44915380,6,0,
21,44915796,96,5,
21,44915824,219,164,
21,44915993,75,29,
21,44916233,56,21,
21,44916258,3,0,
21,44916509,36,5,
21,44916694,4,1,
21,44916783,534,278,
21,44916813,256,423,
21,44916900,90,5,
21,44916908,16,1,
21,44916995,3,0,
21,44917308,203,297,
21,44917406,9,0,
21,44917450,107,31,
21,44917835,275,347,
21,44917922,77,31,
21,44917954,4,9,
21,44918060,148,144,
21,44918334,6,1,
21,44918708,12,18,
21,44918810,24,7,
21,44919432,20,15,
21,44919527,4,0,
21,44919647,174,67,
21,44919831,10,0,15
21,44919891,487,252,
21,44919990,6,4,
21,44920344,11,0,
21,44920539,4,0,
21,44920810,7,2,
21,44921040,11,0,
21,44921137,858,370,
21,44921142,125,105,
21,44921609,305,84,
21,44921627,17,1,
21,44921780,7,0,
21,44921879,13,3,
21,44921945,175,302,
21,44922020,242,102,
21,44922383,167,64,23
21,44922556,4,1,22
21,44922571,417,192,
21,44922814,12,1,
21,44922819,109,55,
21,44922859,10,2,
21,44922897,27,8,
21,44923404,40,24,
21,44923426,13,0,
21,44923451,8,2,
21,44923465,336,130,
21,44923743,22,2,
21,44923777,4,0,
21,44923962,106,34,
21,44924031,5,3,
21,44924036,8,2,
21,44924055,254,167,
21,44924254,13,2,
21,44924261,4,0,
21,44924409,73,83,
21,44924461,382,318,
21,44924581,183,110,
21,44924802,10,13,
21,44925066,5,1,
21,44925089,15,6,
21,44925123,120,12,
21,44925198,3,0,
21,44925333,15,2,
21,44925351,23,2,
21,44925380,482,201,
21,44925438,69,115,
21,44925466,95,96,
21,44925476,81,92,
21,44925526,12,0,
21,44925543,10,1,
21,44925597,91,23,
21,44925716,46,20,
21,44925822,16,13,
21,44925847,94,51,
21,44925853,101,25,
21,44925913,56,37,
21,44925966,106,60,
21,44926143,17,7,
21,44926277,30,5,
21,44926414,138,19,
21,44926430,13,5,
21,44926758,137,45,
21,44926785,77,48,
21,44926965,107,85,
21,44926982,21,15,
21,44926990,26,13,
21,44927119,5,0,
21,44927222,21,11,
21,44927244,202,99,
21,44927271,172,65,
21,44927450,12,3,
21,44927596,79,11,
21,44927934,413,331,
21,44927944,19,1,
21,44927953,47,8,
21,44928088,40,20,
21,44928224,3,0,
21,44928497,237,192,
21,44928543,6,1,
21,44928632,22,12,
21,44928643,8,1,
21,44928655,5,1,
21,44928786,14,3,
21,44928829,22,10,
21,44928893,6,2,
21,44928997,168,28,27
21,44929098,4,2,
21,44929190,6,0,
21,44929260,319,192,
21,44929424,105,27,
21,44929453,15,1,
21,44929478,167,35,24
21,44929630,96,17,
21,44929648,5,0,
21,44929911,16,3,
21,44929922,6,0,
21,44930044,11,1,
21,44930111,32,16,
21,44930186,407,342,12
21,44930215,3,0,
21,44930222,148,244,15
21,44930625,46,15,
21,44930808,327,134,3
21,44930876,28,8,
21,44931030,5,0,
21,44931106,16,2,
21,44931222,10,0,
21,44931264,6,1,
21,44931311,15,8,
21,44931321,79,59,13
21,44931368,120,19,11
21,44931383,114,100,
21,44931415,91,92,21
21,44931458,22,1,
21,44931666,135,35,6
21,44931696,6,1,
21,44931740,8,7,
21,44931753,7,1,
21,44931763,135,140,27
21,44931768,8,0,
21,44931824,118,27,9
21,44931980,3,1,
21,44932019,12,2,
21,44932040,26,6,
21,44932200,122,67,9
21,44932342,42,27,12
21,44932375,45,30,19
21,44932398,41,8,
21,44932442,6,0,
21,44932487,96,89,
21,44932565,46,28,10
21,44932624,9,0,
21,44932651,90,19,6
21,44932980,112,16,3
21,44933030,21,0,
21,44933032,14,0,
21,44933036,4,1,
21,44933063,9,0,
21,44933070,148,55,4
21,44933158,7,2,
21,44933179,44,69,
21,44933219,110,73,2
21,44933255,194,94,1
21,44933297,34,75,
21,44933373,12,1,
21,44933391,10,3,
21,44933401,186,45,5
21,44933452,86,28,6
21,44933652,3,0,
21,44933724,4,1,
21,44934093,33,37,21
21,44934207,25,14,28
21,44934337,185,108,1
21,44934350,5,0,
21,44934518,93,10,2
21,44934571,14,7,
21,44934591,6,0,
21,44934685,6,5,13
21,44934793,7,3,
21,44934964,7,1,
21,44934988,5,0,
21,44935107,19,0,
21,44935141,3,2,
22,44812613,120,54,
22,44819037,289,177,
22,44819917,989,789,
22,44819968,247,174,
22,44821434,286,93,
22,44821848,82,13,
22,44822637,216,205,
22,44822730,154,68,
22,44823272,98,63,
22,44824088,96,14,
22,44824321,98,65,
22,44824811,50,4,
22,44833869,119,33,
22,44834918,219,36,
22,44835879,1127,218,
22,44836294,331,81,
22,44837124,78,32,
22,44837434,251,42,
22,44837949,136,164,
22,44839496,98,50,
22,44839575,156,39,
22,44840013,1124,285,
22,44840573,151,209,
22,44840654,146,36,
22,44841262,494,447,
22,44841891,100,233,
22,44842114,178,105,
22,44842442,86,46,
22,44843223,189,199,
22,44843586,206,111,
22,44843605,226,140,
22,44844394,183,43,
22,44844733,58,34,
22,44844903,85,9,
22,44845251,191,238,
22,44845272,197,73,
22,44845787,273,126,
22,44846281,779,160,
22,44846318,607,133,
22,44846781,226,54,
22,44846871,409,227,
22,44846922,429,115,
22,44847001,162,31,
22,44847334,109,21,
22,44847903,71,40,
22,44848293,314,107,
22,44848782,962,410,
22,44848821,29,2,
22,44849129,266,70,
22,44849834,66,91,
22,44850260,239,57,
22,44850913,693,240,
22,44850976,44,61,
22,44851019,169,222,
22,44851181,233,153,
22,44852058,34,12,
22,44852582,143,32,
22,44853064,347,81,
22,44854171,157,104,
22,44854498,60,6,
22,44854518,369,233,
22,44854686,123,52,
22,44855079,658,334,
22,44855157,466,127,
22,44855690,486,97,
22,44857100,95,28,
22,44857267,34,6,
22,44857643,107,107,
22,44858371,93,14,
22,44859049,279,108,
22,44859761,80,26,
22,44860015,220,145,
22,44860080,141,39,
22,44860139,431,261,
22,44860732,96,21,
22,44860847,147,80,
22,44860908,114,61,
22,44861106,514,270,
22,44861460,74,72,
22,44861521,228,237,
22,44861536,54,16,
22,44862414,195,55,
22,44862583,95,15,
22,44862861,84,21,
22,44863242,445,125,
22,44863409,239,69,
22,44863754,38,26,
22,44864134,1374,789,
22,44864141,30,7,
22,44864185,838,504,
22,44864212,85,10,
22,44864680,163,129,
22,44865290,70,46,
22,44865400,25,5,
22,44865560,1454,1115,
22,44865813,178,121,
22,44865908,87,21,
22,44865997,113,41,
22,44866208,1100,851,
22,44867238,172,89,
22,44867374,251,42,
22,44868563,41,34,
22,44869188,65,53,
22,44869601,25,1,
22,44870277,224,265,
22,44870445,158,105,
22,44870664,44,9,
22,44870895,198,93,
22,44870905,59,19,
22,44871093,33,1,
22,44871337,415,83,
22,44871901,137,52,
22,44872114,64,9,
22,44872313,479,324,
22,44872522,22,1,
22,44872578,47,3,
22,44872584,163,86,
22,44872948,108,36,
22,44872984,93,12,
22,44873103,21,20,
22,44873225,84,81,
22,44873341,116,42,
22,44873635,130,62,
22,44874736,139,54,
22,44875109,504,271,
22,44875137,156,222,
22,44875154,25,5,
22,44875270,310,229,
22,44875388,11,10,
22,44875440,64,33,
22,44875522,18,2,
22,44875837,26,5,
22,44875848,563,193,
22,44875961,374,152,
22,44875992,357,375,
22,44876075,67,143,
22,44876174,45,11,
22,44876346,174,44,
22,44876356,204,62,
22,44876844,91,25,
22,44877076,537,901,
22,44877201,139,64,
22,44877404,117,69,
22,44877567,6,0,
22,44878147,1313,690,
22,44878151,673,116,
22,44878257,72,24,
22,44878650,309,163,
22,44878887,16,3,
22,44878916,209,59,
22,44880081,65,45,
22,44880139,212,96,
22,44880401,312,94,
22,44881109,78,18,
22,44881287,145,85,
22,44881638,29,9,
22,44882438,129,46,
22,44882441,145,42,
22,44882754,30,4,
22,44883256,106,73,
22,44883281,15,6,
22,44883304,580,116,
22,44883634,831,243,
22,44884077,95,52,
22,44884091,91,28,
22,44884546,65,23,
22,44884709,433,295,
22,44884857,11,1,
22,44885127,48,53,
22,44885398,764,529,
22,44885821,187,185,
22,44886202,169,45,
22,44886647,1015,323,
22,44886913,424,599,
22,44886997,338,305,
22,44887490,14,1,
22,44887643,49,15,
22,44887744,164,20,
22,44887853,287,235,
22,44887965,259,83,
22,44888167,80,14,
22,44888184,13,11,
22,44888210,96,30,
22,44888236,208,293,
22,44888445,316,72,
22,44888548,126,48,
22,44888847,76,61,
22,44889132,38,4,
22,44889163,119,8,
22,44889354,181,67,
22,44889359,116,39,
22,44889580,344,163,
22,44889627,646,354,
22,44889673,103,41,
22,44889715,206,201,
22,44889874,43,13,
22,44889941,794,295,
22,44891090,112,92,
22,44891302,153,30,
22,44891596,102,120,
22,44891759,381,285,
22,44892209,751,460,
22,44892283,480,836,
22,44893045,51,86,
22,44893118,112,11,
22,44893254,393,241,
22,44893522,83,41,
22,44893600,172,121,
22,44894827,16,4,
22,44894910,371,362,
22,44894983,24,2,
22,44895037,21,0,
22,44895222,155,92,
22,44895270,138,77,
22,44895497,161,116,
22,44895666,9,0,
22,44896085,256,266,
22,44896433,261,135,
22,44896489,163,44,
22,44896529,17,3,
22,44896880,14,1,
22,44897043,14,3,
22,44897098,75,41,
22,44897271,13,6,
22,44897998,40,12,
22,44898242,141,133,
22,44898300,382,129,
22,44898560,71,22,
22,44899339,224,57,
22,44899415,196,128,
22,44899488,194,59,
22,44899516,75,32,
22,44899685,320,381,
22,44899935,163,91,
22,44899999,443,339,
22,44900023,36,15,
22,44900029,9,0,
22,44900084,77,57,
22,44900116,831,489,
22,44900302,316,475,
22,44900340,208,177,
22,44900455,132,93,
22,44900918,8,0,
22,44901330,308,134,
22,44901387,63,117,
22,44901528,71,55,
22,44901683,352,91,
22,44901853,279,75,
22,44902127,413,89,
22,44902148,801,310,
22,44902227,36,14,
22,44902763,101,154,
22,44902797,1091,899,
22,44903227,13,0,
22,44903265,35,12,
22,44903331,36,7,
22,44903803,926,607,
22,44903923,29,6,
22,44903995,33,4,
22,44904667,38,8,
22,44904742,22,4,
22,44904869,127,65,
22,44904974,35,25,
22,44904993,178,30,
22,44905631,26,4,
22,44905808,425,220,
22,44906305,449,311,
22,44906529,24,4,
22,44906662,187,63,
22,44906762,30,35,
22,44906918,121,67,
22,44907358,62,36,
22,44907366,90,46,
22,44907460,28,0,
22,44907531,221,265,
22,44907569,110,72,
22,44907632,10,0,
22,44907660,155,150,
22,44908610,92,57,
22,44909133,158,63,
22,44910393,157,150,
22,44910530,10,0,12
22,44910671,38,5,
22,44910865,627,173,
22,44911069,192,230,
22,44911169,212,56,
22,44911412,171,88,
22,44911423,707,434,
22,44911538,91,80,
22,44911554,33,4,
22,44911560,182,98,
22,44911571,104,18,
22,44911582,26,0,
22,44911653,10,1,
22,44911941,173,296,
22,44912646,179,170,
22,44912727,82,26,
22,44912861,353,461,
22,44913081,108,150,
22,44913340,311,185,
22,44913359,362,108,
22,44913587,27,5,25
22,44913663,355,144,
22,44913682,99,33,
22,44914040,70,68,
22,44914061,488,197,
22,44914149,158,49,
22,44914153,113,244,
22,44914362,29,14,9
22,44914671,37,10,
22,44914773,165,146,
22,44915164,431,119,
22,44915187,209,79,
22,44915206,111,51,
22,44915220,54,11,
22,44915380,6,0,
22,44915796,96,5,
22,44915824,219,164,
22,44915993,75,29,
22,44916233,56,21,
22,44916509,36,5,
22,44916694,4,1,
22,44916783,536,278,
22,44916813,256,423,
22,44916900,91,5,
22,44916908,16,1,
22,44916995,3,0,
22,44917308,203,297,
22,44917406,9,0,
22,44917450,107,31,
22,44917835,276,347,
22,44917922,77,31,
22,44917954,4,9,
22,44918060,149,144,
22,44918334,6,1,
22,44919432,20,15,
22,44919527,4,0,
22,44919647,175,67,
22,44919831,15,0,14
22,44919891,488,256,
22,44919990,6,4,
22,44920344,11,0,
22,44920539,4,0,
22,44920810,7,2,
22,44921040,12,0,
22,44921137,859,372,
22,44921142,126,105,
22,44921609,305,85,
22,44921627,17,1,
22,44921780,7,0,
22,44921879,13,3,
22,44921945,176,304,
22,44922020,243,103,
22,44922383,172,67,27
22,44922556,9,2,25
22,44922571,420,192,
22,44922814,12,1,
22,44922819,110,55,
22,44922859,10,2,
22,44922897,27,8,
22,44923404,40,24,
22,44923426,13,0,
22,44923451,8,2,
22,44923465,337,130,
22,44923743,22,2,
22,44923777,4,0,
22,44923962,107,34,
22,44924031,5,3,
22,44924036,8,2,
22,44924055,257,167,
22,44924254,13,2,
22,44924261,4,0,
22,44924409,73,83,
22,44924461,383,318,
22,44924581,184,110,
22,44924802,10,13,
22,44925066,5,1,
22,44925089,15,6,
22,44925123,121,12,
22,44925198,3,0,
22,44925333,15,2,
22,44925351,23,2,
22,44925380,483,201,
22,44925438,69,115,
22,44925466,96,96,
22,44925476,81,92,
22,44925526,12,0,
22,44925543,10,1,
22,44925597,92,23,
22,44925716,46,20,
22,44925822,17,13,
22,44925847,98,51,
22,44925853,104,26,
22,44925913,56,37,
22,44925966,106,60,
22,44926143,17,7,
22,44926277,30,5,
22,44926414,138,19,
22,44926430,13,5,
22,44926758,137,45,
22,44926785,78,48,
22,44926965,108,89,
22,44926982,21,15,
22,44926990,26,13,
22,44927119,5,0,
22,44927222,21,11,
22,44927244,202,99,
22,44927271,174,65,
22,44927450,12,3,
22,44927596,80,11,
22,44927934,415,333,
22,44927944,19,1,
22,44927953,49,8,
22,44928088,42,20,
22,44928224,3,0,
22,44928497,241,195,
22,44928543,6,1,
22,44928632,22,13,
22,44928643,8,1,
22,44928655,5,1,
22,44928786,14,3,
22,44928829,22,10,
22,44928893,6,2,
22,44928997,175,29,29
22,44929098,4,2,
22,44929190,6,0,
22,44929260,322,193,
22,44929424,105,28,
22,44929453,16,1,
22,44929478,168,35,30
22,44929630,99,18,
22,44929648,5,0,
22,44929911,17,3,
22,44929922,6,0,
22,44930044,11,1,
22,44930111,32,16,
22,44930186,412,349,18
22,44930215,3,0,
22,44930222,154,246,15
22,44930625,46,16,
22,44930808,338,138,3
22,44930876,30,8,
22,44931030,5,0,
22,44931106,16,2,
22,44931222,10,0,
22,44931264,6,1,
22,44931311,15,8,
22,44931321,84,71,13
22,44931368,126,21,12
22,44931383,116,101,
22,44931415,96,104,21
22,44931458,22,1,
22,44931666,149,39,7
22,44931696,6,1,
22,44931740,8,9,
22,44931753,9,2,
22,44931763,157,156,27
22,44931768,9,0,
22,44931824,154,37,8
22,44931980,4,1,
22,44932019,12,2,
22,44932040,26,6,
22,44932200,128,69,26
22,44932342,48,29,13
22,44932375,49,30,20
22,44932398,41,8,
22,44932442,7,0,
22,44932487,101,94,
22,44932565,50,29,14
22,44932624,22,0,21
22,44932651,128,32,5
22,44932980,146,28,2
22,44933030,23,1,
22,44933032,16,0,
22,44933036,4,1,
22,44933063,9,0,
22,44933070,155,57,
22,44933158,7,2,
22,44933179,44,77,
22,44933219,126,92,5
22,44933255,230,117,1
22,44933373,12,1,
22,44933391,11,3,
22,44933401,219,49,4
22,44933452,90,32,21
22,44933652,3,0,
22,44933724,4,1,
22,44934093,34,45,
22,44934207,27,15,
22,44934337,212,130,19
22,44934350,5,0,
22,44934391,19,1,11
22,44934518,121,14,10
22,44934571,23,7,
22,44934591,7,0,
22,44934793,7,3,
22,44934964,18,2,
22,44934988,13,7,7
22,44935107,59,45,8
22,44935141,10,8,
22,44935169,12,1,4
22,44935523,4,1,
23,44812613,120,54,
23,44819037,290,177,
23,44819917,989,789,
23,44819968,247,174,
23,44821434,287,93,
23,44821848,82,13,
23,44822637,216,205,
23,44822730,154,68,
23,44823272,98,63,
23,44824088,96,14,
23,44824321,98,65,
23,44824811,50,4,
23,44833869,119,33,
23,44834918,219,36,
23,44835879,1127,218,
23,44836294,331,81,
23,44837124,78,32,
23,44837434,252,42,
23,44837949,136,164,
23,44839496,98,50,
23,44839575,156,39,
23,44840013,1124,285,
23,44840573,151,209,
23,44840654,146,36,
23,44841262,494,447,
23,44841891,100,233,
23,44842114,178,105,
23,44842442,86,46,
23,44843223,189,199,
23,44843586,206,111,
23,44843605,226,140,
23,44844394,183,43,
23,44844733,58,34,
23,44844903,85,9,
23,44845251,191,238,
23,44845272,197,73,
23,44845787,274,126,
23,44846281,779,160,
23,44846318,607,133,
23,44846781,226,54,
23,44846871,409,227,
23,44846922,429,115,
23,44847001,162,31,
23,44847334,109,21,
23,44847903,71,40,
23,44848293,314,107,
23,44848782,962,410,
23,44848821,29,2,
23,44849129,266,70,
23,44849834,66,91,
23,44850260,239,57,
23,44850913,693,240,
23,44850976,44,61,
23,44851019,169,222,
23,44851181,233,153,
23,44852058,34,12,
23,44852582,143,32,
23,44853064,347,81,
23,44854171,157,104,
23,44854498,60,6,
23,44854518,369,233,
23,44854686,123,52,
23,44855079,658,334,
23,44855157,466,127,
23,44855690,486,97,
23,44857100,95,28,
23,44857267,34,6,
23,44857643,107,107,
23,44858371,93,14,
23,44859049,279,108,
23,44859761,80,26,
23,44860015,220,145,
23,44860080,141,39,
23,44860139,431,261,
23,44860732,96,21,
23,44860847,147,80,
23,44860908,114,61,
23,44861106,514,270,
23,44861460,74,72,
23,44861521,228,237,
23,44861536,54,16,
23,44862414,195,55,
23,44862583,95,15,
23,44862861,84,21,
23,44863242,445,125,
23,44863409,239,69,
23,44863754,38,26,
23,44864134,1377,790,
23,44864141,30,7,
23,44864185,840,504,
23,44864212,85,10,
23,44864680,163,129,
23,44865290,70,46,
23,44865400,25,6,
23,44865560,1454,1115,
23,44865813,178,121,
23,44865908,87,21,
23,44865997,113,41,
23,44866208,1101,851,
23,44867238,172,89,
23,44867374,251,42,
23,44868563,41,34,
23,44869188,65,53,
23,44869601,25,1,
23,44870277,224,265,
23,44870445,158,105,
23,44870664,44,9,
23,44870895,198,93,
23,44870905,59,19,
23,44871093,33,1,
23,44871337,415,83,
23,44871901,137,52,
23,44872114,64,9,
23,44872313,479,324,
23,44872522,22,1,
23,44872578,47,3,
23,44872584,163,86,
23,44872948,108,36,
23,44872984,93,12,
23,44873103,21,20,
23,44873225,84,81,
23,44873341,116,42,
23,44873635,130,62,
23,44874736,139,54,
23,44875109,504,271,
23,44875137,156,222,
23,44875154,25,5,
23,44875270,310,229,
23,44875388,11,10,
23,44875440,64,33,
23,44875522,18,2,
23,44875837,26,5,
23,44875848,563,193,
23,44875961,374,152,
23,44875992,357,375,
23,44876075,67,143,
23,44876174,45,11,
23,44876346,174,44,
23,44876356,204,62,
23,44876844,91,25,
23,44877076,537,901,
23,44877201,140,64,
23,44877404,117,69,
23,44877567,6,0,
23,44878147,1314,690,
23,44878151,673,116,
23,44878257,72,24,
23,44878650,309,163,
23,44878887,16,3,
23,44878916,209,59,
23,44880081,65,45,
23,44880139,212,96,
23,44880401,312,94,
23,44881109,78,18,
23,44881287,145,85,
23,44881638,29,9,
23,44882438,129,46,
23,44882441,145,42,
23,44882754,30,4,
23,44883256,106,73,
23,44883281,15,6,
23,44883304,580,116,
23,44883634,831,243,
23,44884077,95,52,
23,44884091,91,28,
23,44884546,65,23,
23,44884709,433,295,
23,44884857,11,1,
23,44885127,48,53,
23,44885398,765,529,
23,44885821,187,185,
23,44886202,169,45,
23,44886647,1015,323,
23,44886913,424,599,
23,44886997,339,304,
23,44887490,14,1,
23,44887643,50,15,
23,44887744,165,20,
23,44887853,288,235,
23,44887965,260,83,
23,44888167,80,14,
23,44888184,13,11,
23,44888210,96,30,
23,44888236,208,295,
23,44888445,316,72,
23,44888548,126,48,
23,44888847,76,61,
23,44889132,38,4,
23,44889163,119,8,
23,44889354,181,67,
23,44889359,116,39,
23,44889580,344,163,
23,44889627,646,354,
23,44889673,103,43,
23,44889715,206,201,
23,44889874,43,13,
23,44889941,794,295,
23,44891090,112,92,
23,44891302,153,30,
23,44891596,104,121,
23,44891759,381,285,
23,44892209,751,460,
23,44892283,480,836,
23,44893045,52,85,
23,44893118,112,11,
23,44893254,393,241,
23,44893522,83,41,
23,44893600,172,121,
23,44894827,16,4,
23,44894910,371,362,
23,44894983,24,2,
23,44895037,21,0,
23,44895222,155,92,
23,44895270,138,77,
23,44895497,161,116,
23,44895666,9,0,
23,44895954,6,1,23
23,44896085,257,266,
23,44896433,262,135,
23,44896489,163,44,
23,44896529,18,3,
23,44896880,14,1,
23,44897043,14,3,
23,44897098,75,41,
23,44897271,13,6,
23,44897998,40,12,
23,44898242,141,133,
23,44898300,382,129,
23,44898560,71,22,
23,44899339,224,57,
23,44899415,196,128,
23,44899488,194,59,
23,44899516,75,32,
23,44899685,320,381,
23,44899935,163,91,
23,44899999,443,339,
23,44900023,36,15,
23,44900029,9,0,
23,44900084,77,58,
23,44900116,832,489,
23,44900302,316,475,
23,44900340,208,177,
23,44900455,132,93,
23,44900918,8,0,
23,44901330,308,134,
23,44901387,63,117,
23,44901528,71,55,
23,44901683,353,91,
23,44901853,280,75,
23,44902127,413,89,
23,44902148,801,310,
23,44902227,36,14,
23,44902763,101,154,
23,44902797,1091,899,
23,44903227,13,0,
23,44903265,35,12,
23,44903331,36,7,
23,44903803,926,607,
23,44903923,29,6,
23,44903995,33,4,
23,44904667,38,8,
23,44904742,22,4,
23,44904869,127,65,
23,44904974,35,25,
23,44904993,178,30,
23,44905631,26,4,
23,44905808,425,220,
23,44906305,449,311,
23,44906529,24,4,
23,44906662,187,63,
23,44906762,30,35,
23,44906918,121,67,
23,44907358,62,36,
23,44907366,90,46,
23,44907460,28,0,
23,44907531,221,266,
23,44907569,110,72,
23,44907632,10,0,
23,44907660,155,150,
23,44908610,92,57,
23,44909133,158,63,
23,44910393,157,150,
23,44910530,26,7,8
23,44910671,38,5,
23,44910865,629,173,
23,44911069,192,230,
23,44911169,212,56,
23,44911412,171,88,
23,44911423,707,434,
23,44911538,91,80,
23,44911554,33,4,
23,44911560,182,98,
23,44911571,104,19,
23,44911582,26,0,
23,44911653,10,1,
23,44911941,173,297,
23,44912646,180,171,
23,44912727,82,26,
23,44912861,353,462,
23,44913081,108,151,
23,44913340,311,185,
23,44913359,362,108,
23,44913587,29,5,24
23,44913663,355,144,
23,44913682,99,33,
23,44914040,70,68,
23,44914061,488,197,
23,44914149,158,49,
23,44914153,113,245,
23,44914362,35,16,16
23,44914671,37,10,
23,44914773,165,146,
23,44915164,431,119,
23,44915187,209,79,
23,44915206,111,51,
23,44915220,54,11,
23,44915380,6,0,
23,44915796,96,5,
23,44915824,219,164,
23,44915993,75,29,
23,44916233,56,21,
23,44916509,36,5,
23,44916783,536,279,
23,44916813,257,423,
23,44916900,91,5,
23,44916908,16,1,
23,44916995,3,0,
23,44917308,203,297,
23,44917406,9,0,
23,44917450,107,32,
23,44917835,276,348,
23,44917922,77,31,
23,44917954,4,9,
23,44918060,149,144,
23,44918334,6,1,
23,44919432,20,15,
23,44919527,4,0,
23,44919647,175,67,
23,44919831,20,0,20
23,44919891,488,255,
23,44919990,6,4,
23,44920344,11,0,
23,44920539,4,0,
23,44920810,7,2,
23,44921040,12,0,
23,44921137,862,373,
23,44921609,307,85,
23,44921627,17,1,
23,44921780,7,0,
23,44921879,13,3,
23,44921945,176,304,
23,44922020,244,103,
23,44922383,175,67,28
23,44922556,12,2,25
23,44922571,422,194,
23,44922814,12,1,
23,44922819,110,55,
23,44922859,10,2,
23,44922897,27,8,
23,44923404,40,24,
23,44923426,13,0,
23,44923451,8,2,
23,44923465,338,130,
23,44923743,22,2,
23,44923777,4,0,
23,44923962,107,34,
23,44924031,5,3,
23,44924036,8,2,
23,44924055,257,167,
23,44924254,13,2,
23,44924261,5,0,
23,44924409,73,83,
23,44924461,383,318,
23,44924581,184,111,
23,44924802,10,13,
23,44925066,5,1,
23,44925089,15,6,
23,44925123,122,12,
23,44925198,3,0,
23,44925333,15,2,
23,44925351,23,2,
23,44925380,485,202,
23,44925438,69,115,
23,44925466,96,96,
23,44925476,81,92,
23,44925526,12,0,
23,44925543,10,1,
23,44925597,92,23,
23,44925716,46,20,
23,44925822,17,13,
23,44925847,98,51,
23,44925853,105,26,
23,44925913,56,38,
23,44925966,106,60,
23,44926143,17,7,
23,44926277,32,5,
23,44926414,139,19,
23,44926430,13,5,
23,44926758,139,45,
23,44926785,78,48,
23,44926965,108,89,
23,44926982,21,17,
23,44926990,26,13,
23,44927119,5,0,
23,44927222,21,11,
23,44927244,203,99,
23,44927271,175,66,
23,44927450,12,3,
23,44927596,81,11,
23,44927934,417,337,
23,44927944,19,1,
23,44927953,49,9,
23,44928088,42,20,
23,44928224,3,0,
23,44928497,241,196,
23,44928543,6,1,
23,44928632,22,13,
23,44928643,8,1,
23,44928655,5,1,
23,44928786,14,3,
23,44928829,22,10,
23,44928893,6,2,
23,44928997,177,29,30
23,44929098,4,2,
23,44929190,6,0,
23,44929260,324,196,
23,44929424,107,28,
23,44929453,16,1,
23,44929478,168,35,
23,44929630,101,18,
23,44929648,5,0,
23,44929911,17,3,
23,44929922,6,0,
23,44930044,11,1,
23,44930111,32,17,
23,44930186,419,354,19
23,44930215,3,0,
23,44930222,158,265,15
23,44930625,47,16,
23,44930808,347,147,4
23,44930876,31,8,
23,44931030,5,0,
23,44931106,16,2,
23,44931222,10,0,
23,44931264,6,1,
23,44931311,15,8,
23,44931321,91,77,12
23,44931368,129,21,16
23,44931383,118,102,
23,44931415,101,108,22
23,44931458,22,1,
23,44931666,163,44,7
23,44931696,6,2,
23,44931740,8,10,
23,44931753,11,2,
23,44931763,165,165,29
23,44931768,9,0,
23,44931824,181,48,10
23,44931980,4,1,
23,44932019,15,2,
23,44932040,26,6,
23,44932200,132,70,30
23,44932342,53,31,13
23,44932375,51,31,21
23,44932398,41,8,
23,44932442,7,0,
23,44932487,106,98,
23,44932565,55,34,16
23,44932624,31,1,17
23,44932651,153,40,5
23,44932980,189,48,2
23,44933030,24,1,
23,44933032,16,0,
23,44933036,4,1,
23,44933063,11,0,
23,44933070,161,58,
23,44933158,8,2,
23,44933179,44,80,
23,44933219,131,98,12
23,44933255,252,135,1
23,44933290,4,0,
23,44933373,12,1,
23,44933391,12,3,
23,44933394,27,29,
23,44933401,249,51,6
23,44933452,95,36,25
23,44933652,3,0,
23,44933724,4,1,
23,44934093,34,49,
23,44934207,28,17,
23,44934337,233,143,26
23,44934350,5,0,
23,44934386,6,0,
23,44934391,32,5,10
23,44934518,142,20,9
23,44934571,33,9,
23,44934591,10,0,
23,44934793,7,3,
23,44934964,24,1,
23,44935107,68,51,
23,44935141,15,9,
23,44935169,31,13,2
23,44935249,4,0,
23,44935523,11,1,
23,44935544,19,8,4
